1669573661299 0.013713396154344082 0
1669573664253 0.011884735897183418 1
1669573668324 0.008115431293845177 2
1669573671920 0.005520700942724943 3
1669573674955 0.006695704068988562 4
1669573679761 0.011879771947860718 5
1669573684964 0.004965272732079029 6
1669573689933 0.004033974837511778 7
1669573692959 0.00970151275396347 8
1669573705136 0.007301119156181812 9
1669573708168 0.00872704479843378 10
1669573714000 0.006411001086235046 11
1669573724545 0.004707198590040207 12
1669573730946 0.004308424424380064 13
1669573735532 0.006793847307562828 14
1669573738129 0.008072221651673317 15
1669573743821 0.0068130879662930965 16
1669573747189 0.003914342727512121 17
1669573749687 0.0067747957073152065 18
1669573752709 0.0038277495186775923 19
1669573755170 0.005483310669660568 20
1669573757652 0.004562491551041603 21
1669573760399 0.002440577605739236 22
1669573762731 0.007823479361832142 23
1669573765238 0.00661673815920949 24
1669573769397 0.00782822910696268 25
1669573772365 0.016620628535747528 26
1669573774989 0.014288878999650478 27
1669573777393 0.009958176873624325 28
1669573780469 0.006830308586359024 29
1669573783238 0.009583575651049614 30
1669573786232 0.007101216819137335 31
1669573789370 0.00452774902805686 32
1669573793750 0.007509260904043913 33
1669573797104 0.011422241106629372 34
1669573800282 0.012463385239243507 35
1669573802674 0.015604385174810886 36
1669573806370 0.017672721296548843 37
1669573809431 0.00789709109812975 38
1669573811949 0.004884168040007353 39
1669573814922 0.006981227081269026 40
1669573817849 0.010158814489841461 41
1669573821160 0.009129812009632587 42
1669573824171 0.006463320460170507 43
1669573826776 0.009919394738972187 44
1669573830008 0.012847640551626682 45
1669573832916 0.00869233813136816 46
1669573836067 0.007043149787932634 47
1669573839648 0.0043253591284155846 48
1669573842357 0.0062698437832295895 49
1669573845805 0.006362683139741421 50
1669573848691 0.01664845086634159 51
1669573851210 0.055131688714027405 52
1669573853585 0.028011461719870567 53
1669573856676 0.014686898328363895 54
1669573859722 0.016802771016955376 55
1669573862125 0.012948373332619667 56
1669573864994 0.0072222547605633736 57
1669573867476 0.013004770502448082 58
1669573870138 0.013197376392781734 59
1669573873100 0.013793082907795906 60
1669573875934 0.009148523211479187 61
1669573878660 0.00653177360072732 62
1669573880990 0.010679451748728752 63
