1669573661465 0.014217121506366 0
1669573664454 0.01074535064115847 1
1669573668963 0.006672015373326204 2
1669573672102 0.005392335680288916 3
1669573675265 0.006306134577223957 4
1669573680947 0.012084279300905163 5
1669573685138 0.004621118065903992 6
1669573690104 0.003526889858180201 7
1669573693122 0.008673078840076343 8
1669573705307 0.0049286171702421526 9
1669573708350 0.006226567875192452 10
1669573714318 0.004958789908093188 11
1669573725358 0.00362829428638805 12
1669573731113 0.0036449349883655303 13
1669573735703 0.005201650678228394 14
1669573738684 0.0034969587629253116 15
1669573743981 0.005375824823878826 16
1669573747362 0.002945930114979817 17
1669573750276 0.005239002015450354 18
1669573752874 0.0035920165048497618 19
1669573755332 0.005798383814772478 20
1669573757815 0.0024182167833965264 21
1669573760558 0.0028531504205180345 22
1669573762900 0.00412292111297878 23
1669573765409 0.0032178476476549195 24
1669573769564 0.007421008634405145 25
1669573772530 0.016290975657572464 26
1669573775149 0.013179871671994844 27
1669573777945 0.00914410092575921 28
1669573780642 0.006408657999514001 29
1669573783404 0.005447819199013713 30
1669573786793 0.004591933289916531 31
1669573789537 0.004511044515650229 32
1669573793919 0.0040840461093388574 33
1669573797684 0.010681088501202066 34
1669573800446 0.012848841533908972 35
1669573802845 0.01366808647929182 36
1669573806534 0.018099833824789923 37
1669573809599 0.0073295736707416365 38
1669573812107 0.004964854071706538 39
1669573815079 0.006416262966472082 40
1669573818473 0.00784316562613484 41
1669573821342 0.008505768461555067 42
1669573824346 0.005131955106482127 43
1669573827531 0.009736554489008736 44
1669573830189 0.01236707940333107 45
1669573833091 0.007107960173072115 46
1669573836682 0.006065420674716314 47
1669573839817 0.0036602904093838724 48
1669573842522 0.0041100860322495925 49
1669573846355 0.006457935907539174 50
1669573848852 0.015171402978511002 51
1669573851375 0.053791591796909746 52
1669573854134 0.025745139397017888 53
1669573856853 0.014769591652277468 54
1669573859882 0.01634550314759951 55
1669573862287 0.011445996042401147 56
1669573865162 0.006572676589092401 57
1669573867633 0.013171402477478543 58
1669573870306 0.012253899522265127 59
1669573873672 0.013425095590842446 60
1669573876102 0.007509358401565523 61
1669573878817 0.006900576890333868 62
1669573881535 0.00955368544106246 63
