1669573661464 0.0008988431072793901 0
1669573664453 0.000647638225927949 1
1669573668961 0.0019053560681641102 2
1669573672101 -0.00017862545792013407 3
1669573675263 0.0009696534252725542 4
1669573680944 0.0006693890318274498 5
1669573685137 0.002365921624004841 6
1669573690103 0.0009128343663178384 7
1669573693120 0.003192462958395481 8
1669573705304 0.0004810619284398854 9
1669573708349 0.005306549370288849 10
1669573714313 -0.0024451646022498608 11
1669573725356 -1.941874870681204e-05 12
1669573731111 0.0014526989543810487 13
1669573735701 0.003284141654148698 14
1669573738682 0.0009919460862874985 15
1669573743980 0.0037804062012583017 16
1669573747361 -0.00015054669347591698 17
1669573750275 0.003001288278028369 18
1669573752872 -0.0006606487440876663 19
1669573755331 0.0016571428859606385 20
1669573757814 0.0006320594693534076 21
1669573760557 0.0008916002116166055 22
1669573762899 -0.0026221764273941517 23
1669573765407 0.0015214871382340789 24
1669573769562 -0.0006068241782486439 25
1669573772528 0.0006031632074154913 26
1669573775148 0.0010487259132787585 27
1669573777943 0.0029634495731443167 28
1669573780640 0.00306069222278893 29
1669573783402 0.0013230203185230494 30
1669573786791 -5.575127579504624e-05 31
1669573789535 0.0004287865594960749 32
1669573793917 0.004756767302751541 33
1669573797683 -0.0004558970977086574 34
1669573800445 -0.0004103161336388439 35
1669573802844 0.004232507199048996 36
1669573806532 0.0011929265456274152 37
1669573809597 0.00026365811936557293 38
1669573812105 0.0010377095313742757 39
1669573815078 0.0008860676898621023 40
1669573818471 7.586014544358477e-05 41
1669573821340 0.002429806627333164 42
1669573824345 5.3490668506128713e-05 43
1669573827529 0.0010719066485762596 44
1669573830188 0.0012542404001578689 45
1669573833089 0.003662225790321827 46
1669573836680 -0.00015411437198054045 47
1669573839816 0.0009099890594370663 48
1669573842521 -0.0015889432979747653 49
1669573846353 0.0005485335132107139 50
1669573848851 0.002515351865440607 51
1669573851373 0.00011916855874005705 52
1669573854132 -0.00038240652065724134 53
1669573856851 0.0006247348501347005 54
1669573859880 0.0013056285679340363 55
1669573862285 -0.001114420359954238 56
1669573865161 0.0013917654287070036 57
1669573867631 0.0015790376346558332 58
1669573870305 -0.0017768407706171274 59
1669573873670 -0.00022862572222948074 60
1669573876101 0.0013467069948092103 61
1669573878816 0.0004206608864478767 62
1669573881533 0.0007861207122914493 63
