1669573661465 -0.0016667892514175072 0
1669573664454 0.0036907782539683347 1
1669573668962 0.0011559750509854648 2
1669573672102 0.0002639981070720008 3
1669573675264 0.0012994895015267017 4
1669573680947 -1.18085017723547e-05 5
1669573685138 0.001656510696730086 6
1669573690104 0.0003326663531616211 7
1669573693121 -0.0006074667013519571 8
1669573705306 -0.000306570013484097 9
1669573708350 0.0014879319520525237 10
1669573714314 0.00118253887039958 11
1669573725357 9.05972825966071e-05 12
1669573731113 0.0022294754593744945 13
1669573735702 -0.0005563027420381377 14
1669573738683 -5.167952028491659e-05 15
1669573743981 0.0005342708022003813 16
1669573747362 0.00164027348257732 17
1669573750276 0.00036948301004627543 18
1669573752873 -0.00027940093989467 19
1669573755332 0.0010371629485005389 20
1669573757815 0.0009632818479937313 21
1669573760558 0.0009485697353284396 22
1669573762900 0.0008498250836664851 23
1669573765408 0.001571682080003425 24
1669573769563 0.0007481534453239052 25
1669573772529 -0.0004844360463506327 26
1669573775149 -0.0020486978754722957 27
1669573777944 0.0008469273783546803 28
1669573780641 0.0014410013617905193 29
1669573783404 -0.000499400675269938 30
1669573786793 0.0024547767662632474 31
1669573789536 0.0004478175496781993 32
1669573793918 0.0010905879531741183 33
1669573797684 -0.002730593081506512 34
1669573800446 -0.0003625278377947886 35
1669573802845 -0.0034222148745394246 36
1669573806533 0.0016865445721455385 37
1669573809598 0.0026920928811835524 38
1669573812106 0.0009130362059656165 39
1669573815079 0.0013423608932361555 40
1669573818472 -0.0011194871764951214 41
1669573821341 0.0008970935266668561 42
1669573824346 0.0018905019903272164 43
1669573827530 -0.0009183092158657018 44
1669573830189 0.0008311334192196849 45
1669573833090 -0.0006075465381975692 46
1669573836681 0.001997420925701469 47
1669573839817 0.0008957117676205706 48
1669573842522 0.0016183654711291403 49
1669573846355 0.0009097391089846975 50
1669573848852 -0.004904456096305086 51
1669573851374 -0.006201621667983499 52
1669573854133 0.006472255730727139 53
1669573856852 0.0021751300984750484 54
1669573859882 0.0022334053591457764 55
1669573862286 0.002388918323476573 56
1669573865162 0.0015757445919919884 57
1669573867633 -9.962689227218749e-05 58
1669573870306 0.0017843788974859893 59
1669573873671 0.0009184908502087449 60
1669573876102 0.0018089690663001799 61
1669573878817 0.0017063521677083686 62
1669573881534 -0.001018123368224696 63
