1669573661464 0.006188667379319668 0
1669573664453 0.00723280617967248 1
1669573668962 0.005256182514131069 2
1669573672102 0.005187324248254299 3
1669573675264 0.0035789404064416885 4
1669573680946 0.003969303332269192 5
1669573685138 0.005074072629213333 6
1669573690103 0.003187268739566207 7
1669573693121 0.007220469415187836 8
1669573705305 0.007039865478873253 9
1669573708349 0.0060084811411798 10
1669573714313 0.004064289852976799 11
1669573725357 0.005995090585201979 12
1669573731112 0.0050011263228952885 13
1669573735702 0.0063887122087180614 14
1669573738683 0.00872140470892191 15
1669573743981 0.006207505706697702 16
1669573747362 0.004545984789729118 17
1669573750275 0.007580024655908346 18
1669573752873 0.00579189183190465 19
1669573755331 0.005332738161087036 20
1669573757815 0.00655535701662302 21
1669573760557 0.005086421500891447 22
1669573762900 0.008047666400671005 23
1669573765408 0.007719275541603565 24
1669573769563 0.0066429548896849155 25
1669573772529 0.0036260713823139668 26
1669573775148 0.0061936210840940475 27
1669573777944 0.00452112453058362 28
1669573780641 0.005797964055091143 29
1669573783403 0.008969111368060112 30
1669573786792 0.007589604239910841 31
1669573789536 0.007347920909523964 32
1669573793918 0.0055033485405147076 33
1669573797683 0.005232524126768112 34
1669573800445 0.005640415474772453 35
1669573802844 0.006936646066606045 36
1669573806533 0.00405623996630311 37
1669573809598 0.005329278763383627 38
1669573812106 0.005381136201322079 39
1669573815078 0.006166820414364338 40
1669573818472 0.006690324749797583 41
1669573821341 0.005190442781895399 42
1669573824346 0.005497165024280548 43
1669573827530 0.006513494532555342 44
1669573830189 0.005892451852560043 45
1669573833090 0.006536558736115694 46
1669573836681 0.006681816186755896 47
1669573839816 0.005880117416381836 48
1669573842522 0.0063919792883098125 49
1669573846354 0.005752480123192072 50
1669573848851 0.004257670138031244 51
1669573851374 0.006555870641022921 52
1669573854133 0.00488080270588398 53
1669573856852 0.005778888706117868 54
1669573859881 0.004627925809472799 55
1669573862286 0.0063321711495518684 56
1669573865162 0.006601070519536734 57
1669573867632 0.005613280460238457 58
1669573870306 0.005702051799744368 59
1669573873671 0.0063067651353776455 60
1669573876102 0.006188209168612957 61
1669573878816 0.005176003091037273 62
1669573881534 0.005847766995429993 63
