1669594643799 0.015355223358891877 0
1669594646594 0.008879832518819762 1
1669594649017 0.009369666350584734 2
1669594651453 0.01718933255934922 3
1669594653756 0.020101113172149236 4
1669594655886 0.010864648559368757 5
1669594658138 0.011850842672968178 6
1669594660424 0.010562298634986783 7
1669594662481 0.01563765821558126 8
1669594665084 0.010272857481713894 9
1669594667111 0.006177910796468677 10
1669594669313 0.009621547622634554 11
1669594671539 0.008951781770773059 12
1669594674020 0.010450142959006106 13
1669594676697 0.00788243377096625 14
1669594679414 0.00980924767301845 15
1669594681658 0.016103336781590517 16
1669594683939 0.01755000949556057 17
1669594686184 0.010352213822414013 18
1669594688868 0.006400892687208589 19
1669594691164 0.007895539338481406 20
1669594693715 0.017758826878303192 21
1669594696433 0.02367892206093136 22
1669594698709 0.0294812803694568 23
1669594700902 0.008894868546532802 24
1669594703229 0.010228015351429504 25
1669594705664 0.015905381156571516 26
1669594707964 0.020414008993036737 27
1669594710256 0.017895701940270896 28
1669594712391 0.011056276726570486 29
1669594714789 0.006059976696131611 30
1669594717009 0.005518698183645051 31
1669594719328 0.056742967478756914 32
1669594721675 0.06797281929870326 33
1669594723833 0.02813274636506754 34
1669594726103 0.01636814885240781 35
1669594728288 0.011074290010832308 36
1669594730590 0.019325950436479118 37
1669594733313 0.020790302262712838 38
1669594735369 0.014434759764995076 39
1669594737627 0.010833619897722965 40
