1669594644139 0.0022074521984905005 0
1669594646754 -0.00159719109069556 1
1669594649358 0.0009232115698978305 2
1669594651758 -0.0012913377722725272 3
1669594653911 -0.0076033445075154305 4
1669594656220 0.0026325881481170654 5
1669594658292 -0.00459799962118268 6
1669594660581 0.0022723712027072906 7
1669594662823 0.0006691632443107665 8
1669594665239 0.0013584790285676718 9
1669594667443 0.0014148137997835875 10
1669594669618 -0.0027663421351462603 11
1669594671694 0.0029408924747258425 12
1669594674353 0.00401498656719923 13
1669594676855 0.0012530183885246515 14
1669594679571 0.0014779155608266592 15
1669594681997 -0.0004795519926119596 16
1669594684098 0.0004405792278703302 17
1669594686521 0.0019999758806079626 18
1669594689022 9.232244337908924e-05 19
1669594691321 0.00028078589821234345 20
1669594694060 0.003846242791041732 21
1669594696586 -0.0008907982846722007 22
1669594698864 0.001019216957502067 23
1669594701247 0.0033548003993928432 24
1669594703385 0.0002981086145155132 25
1669594706008 -0.0023121563717722893 26
1669594708122 -0.0008222511387430131 27
1669594710413 0.0009340459946542978 28
1669594712734 0.006792399566620588 29
1669594714948 0.00020081401453353465 30
1669594717342 0.001757815363816917 31
1669594719484 -0.0031649230513721704 32
1669594721834 -0.0009285123669542372 33
1669594724174 -0.0006991185946390033 34
1669594726259 0.0003766704467125237 35
1669594728622 0.006594502832740545 36
1669594730904 0.0031348331831395626 37
1669594733467 0.0019317602273076773 38
1669594735715 0.003724428592249751 39
1669594737781 0.0005517847603186965 40
