1669594644140 0.015444625169038773 0
1669594646755 0.007763627916574478 1
1669594649358 0.029086189344525337 2
1669594651759 0.01952669583261013 3
1669594653912 0.013478347100317478 4
1669594656220 0.014877374283969402 5
1669594658293 0.023217329755425453 6
1669594660582 0.01588248275220394 7
1669594662824 0.027517981827259064 8
1669594665240 0.018207523971796036 9
1669594667443 0.014477954246103764 10
1669594669618 0.0111070666462183 11
1669594671695 0.015631848946213722 12
1669594674354 0.019557101652026176 13
1669594676856 0.02593422122299671 14
1669594679571 0.019047105684876442 15
1669594681998 0.022418640553951263 16
1669594684099 0.01678076572716236 17
1669594686522 0.024871017783880234 18
1669594689023 0.016733858734369278 19
1669594691321 0.026768608018755913 20
1669594694060 0.021018102765083313 21
1669594696587 0.010326040908694267 22
1669594698865 0.022214096039533615 23
1669594701248 0.026054954156279564 24
1669594703386 0.023727871477603912 25
1669594706009 0.015105532482266426 26
1669594708122 0.014908570796251297 27
1669594710413 0.015745453536510468 28
1669594712734 0.014775353483855724 29
1669594714949 0.01696929521858692 30
1669594717343 0.014164342544972897 31
1669594719485 0.020281493663787842 32
1669594721836 0.02081895060837269 33
1669594724175 0.01790442317724228 34
1669594726259 0.024039344862103462 35
1669594728623 0.024941613897681236 36
1669594730905 0.02519010752439499 37
1669594733468 0.013866232708096504 38
1669594735716 0.015450426377356052 39
1669594737782 0.02018290013074875 40
