1669594644140 0.009133894884249868 0
1669594646756 0.00520268534826267 1
1669594649359 0.006889731761792685 2
1669594651760 0.011578771500414876 3
1669594653913 0.006020607681653296 4
1669594656221 0.005841024275803602 5
1669594658294 0.004089221020167348 6
1669594660583 0.004227289904223779 7
1669594662824 0.003559334212854397 8
1669594665241 0.0056058991006559 9
1669594667444 0.004867307905744565 10
1669594669619 0.004733094543383894 11
1669594671696 0.0058999054109409275 12
1669594674355 0.002943483376675036 13
1669594676857 0.004126781131236176 14
1669594679573 0.005426384340717907 15
1669594681999 0.01056647311587914 16
1669594684100 0.011581939651736619 17
1669594686523 0.005826837384498049 18
1669594689024 0.0049471304427141085 19
1669594691323 0.005190674925105382 20
1669594694062 0.011000244991721014 21
1669594696588 0.013376453907413856 22
1669594698866 0.01666197732503427 23
1669594701248 0.005940137860877126 24
1669594703387 0.0062418151798286255 25
1669594706010 0.008014624473503127 26
1669594708123 0.004672897593567142 27
1669594710414 0.011929655633293472 28
1669594712735 0.005501535624281991 29
1669594714950 0.003186383516293602 30
1669594717344 0.003906386708443223 31
1669594719486 0.03525255575128093 32
1669594721837 0.03736450180993038 33
1669594724176 0.01879222116298929 34
1669594726260 0.011600033171760733 35
1669594728623 0.006112038222930353 36
1669594730906 0.0114144994981263 37
1669594733469 0.011396611032976707 38
1669594735717 0.005549500594738078 39
1669594737783 0.006105798475928559 40
