1669594644140 0.0034028156141051496 0
1669594646756 0.0008152659700453423 1
1669594649359 -0.0001256620179806581 2
1669594651759 0.0005605774135153977 3
1669594653913 0.00010809500068981283 4
1669594656221 0.0004297031885882794 5
1669594658293 0.0009324318058251572 6
1669594660582 -0.00029029182474269897 7
1669594662824 0.0026513330185173093 8
1669594665240 -2.357853095485778e-06 9
1669594667444 0.0004066819927818144 10
1669594669619 0.0005810583502836836 11
1669594671695 -0.00035796374071310233 12
1669594674355 0.0004102435567993827 13
1669594676856 0.0013060198363577054 14
1669594679572 0.0015219780801692545 15
1669594681998 0.0013087765852673157 16
1669594684100 0.0007182985731385882 17
1669594686523 0.0008596021284925865 18
1669594689023 -0.0005362592817140772 19
1669594691322 0.0009917992245263845 20
1669594694061 -0.0019355646318087887 21
1669594696587 -0.002873348225182034 22
1669594698866 -0.0023403477650303273 23
1669594701248 0.00406766344935509 24
1669594703386 0.0009199804020465066 25
1669594706009 -0.0013438164661129836 26
1669594708123 0.0012840122916380231 27
1669594710414 3.419519043790737e-05 28
1669594712735 0.0014088060038062755 29
1669594714949 0.0019174117181518257 30
1669594717343 0.0007069794301747938 31
1669594719485 -0.010621758085983077 32
1669594721836 0.005692599233126797 33
1669594724175 0.00017894632767107558 34
1669594726260 0.0009609054829672938 35
1669594728623 0.002261337862408666 36
1669594730905 -0.00018043766535577604 37
1669594733468 -0.0021006651007060674 38
1669594735716 0.0002553884012907287 39
1669594737782 0.0027032069695125107 40
