1669574017877 0.006188667379319668 0
1669574020483 0.00723280617967248 1
1669574023870 0.005256182514131069 2
1669574026769 0.005187324248254299 3
1669574029371 0.0035789404064416885 4
1669574032636 0.003969303332269192 5
1669574035031 0.005074072629213333 6
1669574037430 0.003187268739566207 7
1669574040208 0.007220469415187836 8
1669574043351 0.007039865478873253 9
1669574046448 0.0060084811411798 10
1669574049417 0.004064289852976799 11
1669574052315 0.005995090585201979 12
1669574055256 0.0050011263228952885 13
1669574058392 0.0063887122087180614 14
1669574061624 0.00872140470892191 15
1669574064222 0.006207505706697702 16
1669574067250 0.004545984789729118 17
1669574070412 0.007580024655908346 18
1669574073741 0.00579189183190465 19
1669574077763 0.005332738161087036 20
1669574080822 0.00655535701662302 21
1669574083281 0.005086421500891447 22
1669574086131 0.008047666400671005 23
1669574088612 0.007719275541603565 24
1669574092150 0.0066429548896849155 25
1669574095278 0.0036260713823139668 26
1669574098055 0.0061936210840940475 27
1669574101353 0.00452112453058362 28
1669574104296 0.005797964055091143 29
1669574107078 0.008969111368060112 30
1669574110537 0.007589604239910841 31
1669574113396 0.007347920909523964 32
1669574116632 0.0055033485405147076 33
1669574120636 0.005232524126768112 34
1669574125044 0.005640415474772453 35
1669574127604 0.006936646066606045 36
1669574130449 0.00405623996630311 37
1669574132961 0.005329278763383627 38
1669574135334 0.005381136201322079 39
1669574138154 0.006166820414364338 40
1669574141430 0.006690324749797583 41
1669574144371 0.005190442781895399 42
1669574147239 0.005497165024280548 43
1669574150097 0.006513494532555342 44
1669574152449 0.005892451852560043 45
1669574154914 0.006536558736115694 46
1669574158092 0.006681816186755896 47
1669574162014 0.005880117416381836 48
1669574164516 0.0063919792883098125 49
1669574168088 0.005752480123192072 50
1669574170880 0.004257670138031244 51
1669574173326 0.006555870641022921 52
1669574175633 0.00488080270588398 53
1669574178408 0.005778888706117868 54
1669574180881 0.004627925809472799 55
1669574183295 0.0063321711495518684 56
1669574186327 0.006601070519536734 57
1669574188686 0.005613280460238457 58
1669574191131 0.005702051799744368 59
1669574194219 0.0063067651353776455 60
1669574196618 0.006188209168612957 61
1669574199145 0.005176003091037273 62
1669574201790 0.005847766995429993 63
