1669574017711 0.013713396154344082 0
1669574020307 0.011884735897183418 1
1669574023231 0.008115431293845177 2
1669574026599 0.005520700942724943 3
1669574029202 0.006695704068988562 4
1669574032117 0.011879771947860718 5
1669574034872 0.004965272732079029 6
1669574037269 0.004033974837511778 7
1669574040040 0.00970151275396347 8
1669574043179 0.007301119156181812 9
1669574046276 0.00872704479843378 10
1669574049261 0.006411001086235046 11
1669574051705 0.004707198590040207 12
1669574055085 0.004308424424380064 13
1669574058228 0.006793847307562828 14
1669574061075 0.008072221651673317 15
1669574064055 0.0068130879662930965 16
1669574067073 0.003914342727512121 17
1669574069715 0.0067747957073152065 18
1669574073511 0.0038277495186775923 19
1669574077576 0.005483310669660568 20
1669574080181 0.004562491551041603 21
1669574083100 0.002440577605739236 22
1669574085961 0.007823479361832142 23
1669574088452 0.00661673815920949 24
1669574091990 0.00782822910696268 25
1669574095114 0.016620628535747528 26
1669574097885 0.014288878999650478 27
1669574100715 0.009958176873624325 28
1669574104109 0.006830308586359024 29
1669574106918 0.009583575651049614 30
1669574109967 0.007101216819137335 31
1669574113225 0.00452774902805686 32
1669574116467 0.007509260904043913 33
1669574119938 0.011422241106629372 34
1669574124866 0.012463385239243507 35
1669574127438 0.015604385174810886 36
1669574129859 0.017672721296548843 37
1669574132804 0.00789709109812975 38
1669574135174 0.004884168040007353 39
1669574137997 0.006981227081269026 40
1669574141264 0.010158814489841461 41
1669574144207 0.009129812009632587 42
1669574147072 0.006463320460170507 43
1669574149533 0.009919394738972187 44
1669574152280 0.012847640551626682 45
1669574154753 0.00869233813136816 46
1669574157556 0.007043149787932634 47
1669574161859 0.0043253591284155846 48
1669574164355 0.0062698437832295895 49
1669574167474 0.006362683139741421 50
1669574170720 0.01664845086634159 51
1669574173158 0.055131688714027405 52
1669574175474 0.028011461719870567 53
1669574178239 0.014686898328363895 54
1669574180722 0.016802771016955376 55
1669574183130 0.012948373332619667 56
1669574185720 0.0072222547605633736 57
1669574188529 0.013004770502448082 58
1669574190971 0.013197376392781734 59
1669574193704 0.013793082907795906 60
1669574196459 0.009148523211479187 61
1669574198991 0.00653177360072732 62
1669574201267 0.010679451748728752 63
