1669574017877 -0.0016667892514175072 0
1669574020484 0.0036907782539683347 1
1669574023871 0.0011559750509854648 2
1669574026769 0.0002639981070720008 3
1669574029371 0.0012994895015267017 4
1669574032636 -1.18085017723547e-05 5
1669574035031 0.001656510696730086 6
1669574037431 0.0003326663531616211 7
1669574040208 -0.0006074667013519571 8
1669574043351 -0.000306570013484097 9
1669574046449 0.0014879319520525237 10
1669574049418 0.00118253887039958 11
1669574052315 9.05972825966071e-05 12
1669574055257 0.0022294754593744945 13
1669574058393 -0.0005563027420381377 14
1669574061625 -5.167952028491659e-05 15
1669574064223 0.0005342708022003813 16
1669574067250 0.00164027348257732 17
1669574070412 0.00036948301004627543 18
1669574073741 -0.00027940093989467 19
1669574077764 0.0010371629485005389 20
1669574080822 0.0009632818479937313 21
1669574083281 0.0009485697353284396 22
1669574086131 0.0008498250836664851 23
1669574088613 0.001571682080003425 24
1669574092150 0.0007481534453239052 25
1669574095279 -0.0004844360463506327 26
1669574098055 -0.0020486978754722957 27
1669574101353 0.0008469273783546803 28
1669574104297 0.0014410013617905193 29
1669574107078 -0.000499400675269938 30
1669574110538 0.0024547767662632474 31
1669574113396 0.0004478175496781993 32
1669574116633 0.0010905879531741183 33
1669574120636 -0.002730593081506512 34
1669574125045 -0.0003625278377947886 35
1669574127604 -0.0034222148745394246 36
1669574130450 0.0016865445721455385 37
1669574132961 0.0026920928811835524 38
1669574135335 0.0009130362059656165 39
1669574138154 0.0013423608932361555 40
1669574141430 -0.0011194871764951214 41
1669574144372 0.0008970935266668561 42
1669574147240 0.0018905019903272164 43
1669574150097 -0.0009183092158657018 44
1669574152450 0.0008311334192196849 45
1669574154915 -0.0006075465381975692 46
1669574158092 0.001997420925701469 47
1669574162014 0.0008957117676205706 48
1669574164516 0.0016183654711291403 49
1669574168089 0.0009097391089846975 50
1669574170881 -0.004904456096305086 51
1669574173326 -0.006201621667983499 52
1669574175633 0.006472255730727139 53
1669574178409 0.0021751300984750484 54
1669574180881 0.0022334053591457764 55
1669574183295 0.002388918323476573 56
1669574186327 0.0015757445919919884 57
1669574188686 -9.962689227218749e-05 58
1669574191132 0.0017843788974859893 59
1669574194219 0.0009184908502087449 60
1669574196618 0.0018089690663001799 61
1669574199145 0.0017063521677083686 62
1669574201790 -0.001018123368224696 63
