1669574017876 0.0008988431072793901 0
1669574020482 0.000647638225927949 1
1669574023869 0.0019053560681641102 2
1669574026768 -0.00017862545792013407 3
1669574029370 0.0009696534252725542 4
1669574032635 0.0006693890318274498 5
1669574035030 0.002365921624004841 6
1669574037430 0.0009128343663178384 7
1669574040207 0.003192462958395481 8
1669574043350 0.0004810619284398854 9
1669574046447 0.005306549370288849 10
1669574049417 -0.0024451646022498608 11
1669574052314 -1.941874870681204e-05 12
1669574055255 0.0014526989543810487 13
1669574058391 0.003284141654148698 14
1669574061624 0.0009919460862874985 15
1669574064222 0.0037804062012583017 16
1669574067249 -0.00015054669347591698 17
1669574070411 0.003001288278028369 18
1669574073740 -0.0006606487440876663 19
1669574077763 0.0016571428859606385 20
1669574080821 0.0006320594693534076 21
1669574083280 0.0008916002116166055 22
1669574086129 -0.0026221764273941517 23
1669574088611 0.0015214871382340789 24
1669574092149 -0.0006068241782486439 25
1669574095278 0.0006031632074154913 26
1669574098054 0.0010487259132787585 27
1669574101352 0.0029634495731443167 28
1669574104296 0.00306069222278893 29
1669574107077 0.0013230203185230494 30
1669574110537 -5.575127579504624e-05 31
1669574113395 0.0004287865594960749 32
1669574116631 0.004756767302751541 33
1669574120635 -0.0004558970977086574 34
1669574125043 -0.0004103161336388439 35
1669574127603 0.004232507199048996 36
1669574130449 0.0011929265456274152 37
1669574132960 0.00026365811936557293 38
1669574135334 0.0010377095313742757 39
1669574138152 0.0008860676898621023 40
1669574141429 7.586014544358477e-05 41
1669574144371 0.002429806627333164 42
1669574147239 5.3490668506128713e-05 43
1669574150096 0.0010719066485762596 44
1669574152448 0.0012542404001578689 45
1669574154914 0.003662225790321827 46
1669574158091 -0.00015411437198054045 47
1669574162013 0.0009099890594370663 48
1669574164515 -0.0015889432979747653 49
1669574168088 0.0005485335132107139 50
1669574170880 0.002515351865440607 51
1669574173325 0.00011916855874005705 52
1669574175632 -0.00038240652065724134 53
1669574178408 0.0006247348501347005 54
1669574180880 0.0013056285679340363 55
1669574183294 -0.001114420359954238 56
1669574186326 0.0013917654287070036 57
1669574188685 0.0015790376346558332 58
1669574191130 -0.0017768407706171274 59
1669574194218 -0.00022862572222948074 60
1669574196617 0.0013467069948092103 61
1669574199144 0.0004206608864478767 62
1669574201789 0.0007861207122914493 63
