1669574017878 0.014217121506366 0
1669574020484 0.01074535064115847 1
1669574023871 0.006672015373326204 2
1669574026770 0.005392335680288916 3
1669574029371 0.006306134577223957 4
1669574032637 0.012084279300905163 5
1669574035032 0.004621118065903992 6
1669574037431 0.003526889858180201 7
1669574040209 0.008673078840076343 8
1669574043352 0.0049286171702421526 9
1669574046450 0.006226567875192452 10
1669574049418 0.004958789908093188 11
1669574052315 0.00362829428638805 12
1669574055257 0.0036449349883655303 13
1669574058393 0.005201650678228394 14
1669574061625 0.0034969587629253116 15
1669574064223 0.005375824823878826 16
1669574067251 0.002945930114979817 17
1669574070413 0.005239002015450354 18
1669574073742 0.0035920165048497618 19
1669574077764 0.005798383814772478 20
1669574080823 0.0024182167833965264 21
1669574083282 0.0028531504205180345 22
1669574086132 0.00412292111297878 23
1669574088613 0.0032178476476549195 24
1669574092151 0.007421008634405145 25
1669574095279 0.016290975657572464 26
1669574098056 0.013179871671994844 27
1669574101354 0.00914410092575921 28
1669574104297 0.006408657999514001 29
1669574107079 0.005447819199013713 30
1669574110538 0.004591933289916531 31
1669574113397 0.004511044515650229 32
1669574116633 0.0040840461093388574 33
1669574120636 0.010681088501202066 34
1669574125045 0.012848841533908972 35
1669574127605 0.01366808647929182 36
1669574130451 0.018099833824789923 37
1669574132961 0.0073295736707416365 38
1669574135335 0.004964854071706538 39
1669574138154 0.006416262966472082 40
1669574141431 0.00784316562613484 41
1669574144373 0.008505768461555067 42
1669574147240 0.005131955106482127 43
1669574150098 0.009736554489008736 44
1669574152450 0.01236707940333107 45
1669574154915 0.007107960173072115 46
1669574158093 0.006065420674716314 47
1669574162015 0.0036602904093838724 48
1669574164516 0.0041100860322495925 49
1669574168089 0.006457935907539174 50
1669574170881 0.015171402978511002 51
1669574173327 0.053791591796909746 52
1669574175634 0.025745139397017888 53
1669574178409 0.014769591652277468 54
1669574180882 0.01634550314759951 55
1669574183296 0.011445996042401147 56
1669574186328 0.006572676589092401 57
1669574188687 0.013171402477478543 58
1669574191132 0.012253899522265127 59
1669574194219 0.013425095590842446 60
1669574196619 0.007509358401565523 61
1669574199146 0.006900576890333868 62
1669574201790 0.00955368544106246 63
