1669587374972 0.006188667379319668 0
1669587377508 0.00723280617967248 1
1669587380420 0.005256182514131069 2
1669587383340 0.005187324248254299 3
1669587385903 0.0035789404064416885 4
1669587388584 0.003969303332269192 5
1669587390953 0.005074072629213333 6
1669587393283 0.003187268739566207 7
1669587395734 0.007220469415187836 8
1669587398164 0.007039865478873253 9
1669587400935 0.0060084811411798 10
1669587403408 0.004064289852976799 11
1669587405738 0.005995090585201979 12
1669587407977 0.0050011263228952885 13
1669587410716 0.0063887122087180614 14
1669587413153 0.00872140470892191 15
1669587415438 0.006207505706697702 16
1669587417694 0.004545984789729118 17
1669587420232 0.007580024655908346 18
1669587422819 0.00579189183190465 19
1669587425242 0.005332738161087036 20
1669587427600 0.00655535701662302 21
1669587429929 0.005086421500891447 22
1669587432209 0.008047666400671005 23
1669587434586 0.007719275541603565 24
1669587437640 0.0066429548896849155 25
1669587440563 0.0036260713823139668 26
1669587442988 0.0061936210840940475 27
1669587445357 0.00452112453058362 28
1669587447774 0.005797964055091143 29
1669587450319 0.008969111368060112 30
1669587453134 0.007589604239910841 31
1669587455681 0.007347920909523964 32
1669587458507 0.0055033485405147076 33
1669587461061 0.005232524126768112 34
1669587463875 0.005640415474772453 35
1669587466397 0.006936646066606045 36
1669587469037 0.00405623996630311 37
1669587471759 0.005329278763383627 38
1669587474169 0.005381136201322079 39
1669587476936 0.006166820414364338 40
1669587479735 0.006690324749797583 41
1669587482173 0.005190442781895399 42
1669587484990 0.005497165024280548 43
1669587487298 0.006513494532555342 44
1669587489643 0.005892451852560043 45
1669587491902 0.006536558736115694 46
1669587494680 0.006681816186755896 47
1669587497471 0.005880117416381836 48
1669587499824 0.0063919792883098125 49
1669587502606 0.005752480123192072 50
1669587504938 0.004257670138031244 51
1669587507255 0.006555870641022921 52
1669587509568 0.00488080270588398 53
1669587511798 0.005778888706117868 54
1669587514126 0.004627925809472799 55
1669587516445 0.0063321711495518684 56
1669587518824 0.006601070519536734 57
1669587521137 0.005613280460238457 58
1669587523550 0.005702051799744368 59
1669587526316 0.0063067651353776455 60
1669587528669 0.006188209168612957 61
1669587531048 0.005176003091037273 62
1669587533362 0.005847766995429993 63
