1669587374714 0.013713396154344082 0
1669587377258 0.011884735897183418 1
1669587380178 0.008115431293845177 2
1669587383092 0.005520700942724943 3
1669587385752 0.006695704068988562 4
1669587388437 0.011879771947860718 5
1669587390805 0.004965272732079029 6
1669587393135 0.004033974837511778 7
1669587395586 0.00970151275396347 8
1669587398010 0.007301119156181812 9
1669587400788 0.00872704479843378 10
1669587403249 0.006411001086235046 11
1669587405480 0.004707198590040207 12
1669587407826 0.004308424424380064 13
1669587410569 0.006793847307562828 14
1669587412993 0.008072221651673317 15
1669587415178 0.0068130879662930965 16
1669587417543 0.003914342727512121 17
1669587420081 0.0067747957073152065 18
1669587422661 0.0038277495186775923 19
1669587425081 0.005483310669660568 20
1669587427446 0.004562491551041603 21
1669587429781 0.002440577605739236 22
1669587432061 0.007823479361832142 23
1669587434428 0.00661673815920949 24
1669587437480 0.00782822910696268 25
1669587440417 0.016620628535747528 26
1669587442837 0.014288878999650478 27
1669587445198 0.009958176873624325 28
1669587447624 0.006830308586359024 29
1669587450032 0.009583575651049614 30
1669587452980 0.007101216819137335 31
1669587455533 0.00452774902805686 32
1669587458351 0.007509260904043913 33
1669587460907 0.011422241106629372 34
1669587463719 0.012463385239243507 35
1669587466243 0.015604385174810886 36
1669587468875 0.017672721296548843 37
1669587471436 0.00789709109812975 38
1669587474005 0.004884168040007353 39
1669587476778 0.006981227081269026 40
1669587479574 0.010158814489841461 41
1669587482014 0.009129812009632587 42
1669587484699 0.006463320460170507 43
1669587487140 0.009919394738972187 44
1669587489491 0.012847640551626682 45
1669587491743 0.00869233813136816 46
1669587494521 0.007043149787932634 47
1669587497320 0.0043253591284155846 48
1669587499666 0.0062698437832295895 49
1669587502446 0.006362683139741421 50
1669587504789 0.01664845086634159 51
1669587507098 0.055131688714027405 52
1669587509277 0.028011461719870567 53
1669587511639 0.014686898328363895 54
1669587513838 0.016802771016955376 55
1669587516287 0.012948373332619667 56
1669587518536 0.0072222547605633736 57
1669587520977 0.013004770502448082 58
1669587523257 0.013197376392781734 59
1669587526162 0.013793082907795906 60
1669587528521 0.009148523211479187 61
1669587530892 0.00653177360072732 62
1669587533216 0.010679451748728752 63
