1669587374973 -0.0016667892514175072 0
1669587377508 0.0036907782539683347 1
1669587380420 0.0011559750509854648 2
1669587383340 0.0002639981070720008 3
1669587385904 0.0012994895015267017 4
1669587388584 -1.18085017723547e-05 5
1669587390953 0.001656510696730086 6
1669587393284 0.0003326663531616211 7
1669587395734 -0.0006074667013519571 8
1669587398165 -0.000306570013484097 9
1669587400935 0.0014879319520525237 10
1669587403409 0.00118253887039958 11
1669587405739 9.05972825966071e-05 12
1669587407978 0.0022294754593744945 13
1669587410717 -0.0005563027420381377 14
1669587413153 -5.167952028491659e-05 15
1669587415439 0.0005342708022003813 16
1669587417694 0.00164027348257732 17
1669587420233 0.00036948301004627543 18
1669587422820 -0.00027940093989467 19
1669587425242 0.0010371629485005389 20
1669587427600 0.0009632818479937313 21
1669587429929 0.0009485697353284396 22
1669587432210 0.0008498250836664851 23
1669587434586 0.001571682080003425 24
1669587437641 0.0007481534453239052 25
1669587440563 -0.0004844360463506327 26
1669587442989 -0.0020486978754722957 27
1669587445358 0.0008469273783546803 28
1669587447774 0.0014410013617905193 29
1669587450319 -0.000499400675269938 30
1669587453134 0.0024547767662632474 31
1669587455682 0.0004478175496781993 32
1669587458508 0.0010905879531741183 33
1669587461061 -0.002730593081506512 34
1669587463876 -0.0003625278377947886 35
1669587466398 -0.0034222148745394246 36
1669587469037 0.0016865445721455385 37
1669587471760 0.0026920928811835524 38
1669587474170 0.0009130362059656165 39
1669587476937 0.0013423608932361555 40
1669587479735 -0.0011194871764951214 41
1669587482174 0.0008970935266668561 42
1669587484990 0.0018905019903272164 43
1669587487298 -0.0009183092158657018 44
1669587489644 0.0008311334192196849 45
1669587491902 -0.0006075465381975692 46
1669587494681 0.001997420925701469 47
1669587497472 0.0008957117676205706 48
1669587499824 0.0016183654711291403 49
1669587502607 0.0009097391089846975 50
1669587504939 -0.004904456096305086 51
1669587507256 -0.006201621667983499 52
1669587509569 0.006472255730727139 53
1669587511799 0.0021751300984750484 54
1669587514127 0.0022334053591457764 55
1669587516446 0.002388918323476573 56
1669587518825 0.0015757445919919884 57
1669587521138 -9.962689227218749e-05 58
1669587523551 0.0017843788974859893 59
1669587526317 0.0009184908502087449 60
1669587528670 0.0018089690663001799 61
1669587531049 0.0017063521677083686 62
1669587533363 -0.001018123368224696 63
