1669587374973 0.014217121506366 0
1669587377508 0.01074535064115847 1
1669587380421 0.006672015373326204 2
1669587383340 0.005392335680288916 3
1669587385904 0.006306134577223957 4
1669587388585 0.012084279300905163 5
1669587390954 0.004621118065903992 6
1669587393285 0.003526889858180201 7
1669587395735 0.008673078840076343 8
1669587398165 0.0049286171702421526 9
1669587400936 0.006226567875192452 10
1669587403409 0.004958789908093188 11
1669587405739 0.00362829428638805 12
1669587407978 0.0036449349883655303 13
1669587410717 0.005201650678228394 14
1669587413153 0.0034969587629253116 15
1669587415439 0.005375824823878826 16
1669587417695 0.002945930114979817 17
1669587420233 0.005239002015450354 18
1669587422821 0.0035920165048497618 19
1669587425243 0.005798383814772478 20
1669587427601 0.0024182167833965264 21
1669587429930 0.0028531504205180345 22
1669587432210 0.00412292111297878 23
1669587434587 0.0032178476476549195 24
1669587437642 0.007421008634405145 25
1669587440564 0.016290975657572464 26
1669587442989 0.013179871671994844 27
1669587445358 0.00914410092575921 28
1669587447775 0.006408657999514001 29
1669587450320 0.005447819199013713 30
1669587453135 0.004591933289916531 31
1669587455682 0.004511044515650229 32
1669587458508 0.0040840461093388574 33
1669587461062 0.010681088501202066 34
1669587463876 0.012848841533908972 35
1669587466398 0.01366808647929182 36
1669587469037 0.018099833824789923 37
1669587471760 0.0073295736707416365 38
1669587474171 0.004964854071706538 39
1669587476938 0.006416262966472082 40
1669587479735 0.00784316562613484 41
1669587482174 0.008505768461555067 42
1669587484991 0.005131955106482127 43
1669587487299 0.009736554489008736 44
1669587489644 0.01236707940333107 45
1669587491903 0.007107960173072115 46
1669587494682 0.006065420674716314 47
1669587497472 0.0036602904093838724 48
1669587499825 0.0041100860322495925 49
1669587502608 0.006457935907539174 50
1669587504942 0.015171402978511002 51
1669587507256 0.053791591796909746 52
1669587509569 0.025745139397017888 53
1669587511799 0.014769591652277468 54
1669587514127 0.01634550314759951 55
1669587516446 0.011445996042401147 56
1669587518825 0.006572676589092401 57
1669587521138 0.013171402477478543 58
1669587523552 0.012253899522265127 59
1669587526318 0.013425095590842446 60
1669587528671 0.007509358401565523 61
1669587531049 0.006900576890333868 62
1669587533363 0.00955368544106246 63
