1669587374972 0.0008988431072793901 0
1669587377507 0.000647638225927949 1
1669587380419 0.0019053560681641102 2
1669587383339 -0.00017862545792013407 3
1669587385903 0.0009696534252725542 4
1669587388583 0.0006693890318274498 5
1669587390951 0.002365921624004841 6
1669587393282 0.0009128343663178384 7
1669587395733 0.003192462958395481 8
1669587398164 0.0004810619284398854 9
1669587400933 0.005306549370288849 10
1669587403407 -0.0024451646022498608 11
1669587405738 -1.941874870681204e-05 12
1669587407976 0.0014526989543810487 13
1669587410716 0.003284141654148698 14
1669587413152 0.0009919460862874985 15
1669587415437 0.0037804062012583017 16
1669587417693 -0.00015054669347591698 17
1669587420231 0.003001288278028369 18
1669587422818 -0.0006606487440876663 19
1669587425241 0.0016571428859606385 20
1669587427599 0.0006320594693534076 21
1669587429928 0.0008916002116166055 22
1669587432209 -0.0026221764273941517 23
1669587434585 0.0015214871382340789 24
1669587437639 -0.0006068241782486439 25
1669587440562 0.0006031632074154913 26
1669587442988 0.0010487259132787585 27
1669587445356 0.0029634495731443167 28
1669587447773 0.00306069222278893 29
1669587450317 0.0013230203185230494 30
1669587453133 -5.575127579504624e-05 31
1669587455681 0.0004287865594960749 32
1669587458505 0.004756767302751541 33
1669587461060 -0.0004558970977086574 34
1669587463875 -0.0004103161336388439 35
1669587466396 0.004232507199048996 36
1669587469036 0.0011929265456274152 37
1669587471759 0.00026365811936557293 38
1669587474168 0.0010377095313742757 39
1669587476936 0.0008860676898621023 40
1669587479734 7.586014544358477e-05 41
1669587482171 0.002429806627333164 42
1669587484988 5.3490668506128713e-05 43
1669587487297 0.0010719066485762596 44
1669587489642 0.0012542404001578689 45
1669587491901 0.003662225790321827 46
1669587494680 -0.00015411437198054045 47
1669587497471 0.0009099890594370663 48
1669587499822 -0.0015889432979747653 49
1669587502606 0.0005485335132107139 50
1669587504936 0.002515351865440607 51
1669587507255 0.00011916855874005705 52
1669587509567 -0.00038240652065724134 53
1669587511797 0.0006247348501347005 54
1669587514125 0.0013056285679340363 55
1669587516444 -0.001114420359954238 56
1669587518823 0.0013917654287070036 57
1669587521136 0.0015790376346558332 58
1669587523548 -0.0017768407706171274 59
1669587526316 -0.00022862572222948074 60
1669587528669 0.0013467069948092103 61
1669587531046 0.0004206608864478767 62
1669587533362 0.0007861207122914493 63
