1669592556069 0.009133894884249868 0
1669592558755 0.00520268534826267 1
1669592561167 0.006889731761792685 2
1669592563492 0.011578771500414876 3
1669592565898 0.006020607681653296 4
1669592567990 0.005841024275803602 5
1669592570293 0.004089221020167348 6
1669592572425 0.004227289904223779 7
1669592574624 0.003559334212854397 8
1669592577311 0.0056058991006559 9
1669592579415 0.004867307905744565 10
1669592581751 0.004733094543383894 11
1669592584026 0.0058999054109409275 12
1669592586562 0.002943483376675036 13
1669592589293 0.004126781131236176 14
1669592591846 0.005426384340717907 15
1669592594236 0.01056647311587914 16
1669592596545 0.011581939651736619 17
1669592598704 0.005826837384498049 18
1669592601606 0.0049471304427141085 19
1669592603883 0.005190674925105382 20
1669592606368 0.011000244991721014 21
1669592609004 0.013376453907413856 22
1669592611016 0.01666197732503427 23
1669592613206 0.005940137860877126 24
1669592615455 0.0062418151798286255 25
1669592617780 0.008014624473503127 26
1669592619958 0.004672897593567142 27
1669592622065 0.011929655633293472 28
1669592624068 0.005501535624281991 29
1669592626302 0.003186383516293602 30
1669592628267 0.003906386708443223 31
1669592630437 0.03525255575128093 32
1669592632673 0.03736450180993038 33
1669592634655 0.01879222116298929 34
1669592636743 0.011600033171760733 35
1669592638920 0.006112038222930353 36
1669592640943 0.0114144994981263 37
1669592643583 0.011396611032976707 38
1669592645583 0.005549500594738078 39
1669592647734 0.006105798475928559 40
