1669592556068 0.0034028156141051496 0
1669592558755 0.0008152659700453423 1
1669592561166 -0.0001256620179806581 2
1669592563491 0.0005605774135153977 3
1669592565898 0.00010809500068981283 4
1669592567990 0.0004297031885882794 5
1669592570293 0.0009324318058251572 6
1669592572424 -0.00029029182474269897 7
1669592574624 0.0026513330185173093 8
1669592577310 -2.357853095485778e-06 9
1669592579414 0.0004066819927818144 10
1669592581750 0.0005810583502836836 11
1669592584025 -0.00035796374071310233 12
1669592586561 0.0004102435567993827 13
1669592589292 0.0013060198363577054 14
1669592591846 0.0015219780801692545 15
1669592594235 0.0013087765852673157 16
1669592596545 0.0007182985731385882 17
1669592598704 0.0008596021284925865 18
1669592601605 -0.0005362592817140772 19
1669592603883 0.0009917992245263845 20
1669592606368 -0.0019355646318087887 21
1669592609003 -0.002873348225182034 22
1669592611016 -0.0023403477650303273 23
1669592613205 0.00406766344935509 24
1669592615454 0.0009199804020465066 25
1669592617780 -0.0013438164661129836 26
1669592619958 0.0012840122916380231 27
1669592622065 3.419519043790737e-05 28
1669592624067 0.0014088060038062755 29
1669592626301 0.0019174117181518257 30
1669592628266 0.0007069794301747938 31
1669592630437 -0.010621758085983077 32
1669592632673 0.005692599233126797 33
1669592634655 0.00017894632767107558 34
1669592636743 0.0009609054829672938 35
1669592638920 0.002261337862408666 36
1669592640943 -0.00018043766535577604 37
1669592643582 -0.0021006651007060674 38
1669592645582 0.0002553884012907287 39
1669592647733 0.0027032069695125107 40
