1669592555690 0.01026836596429348 0
1669592558440 0.008830338716506958 1
1669592561004 0.006674267817288637 2
1669592563149 0.012112314812839031 3
1669592565582 0.014870977029204369 4
1669592567833 0.0070253643207252026 5
1669592569948 0.009891440160572529 6
1669592572267 0.008365333080291748 7
1669592574464 0.010025592520833015 8
1669592576960 0.0056646158918738365 9
1669592579251 0.005715066101402044 10
1669592581410 0.008752340450882912 11
1669592583715 0.00761036854237318 12
1669592586399 0.00712653249502182 13
1669592588946 0.007025287952274084 14
1669592591686 0.008475234732031822 15
1669592594074 0.012754692696034908 16
1669592596196 0.012039975263178349 17
1669592598539 0.00899167638272047 18
1669592601277 0.006332565564662218 19
1669592603573 0.006836664862930775 20
1669592606216 0.01422999519854784 21
1669592608672 0.015881692990660667 22
1669592610864 0.016670407727360725 23
1669592613047 0.007897274568676949 24
1669592615128 0.009018178097903728 25
1669592617623 0.013678688555955887 26
1669592619641 0.013507201336324215 27
1669592621767 0.01665840856730938 28
1669592623914 0.010334729216992855 29
1669592625973 0.005182958673685789 30
1669592628115 0.005467399023473263 31
1669592630288 0.03904102370142937 32
1669592632354 0.0376351960003376 33
1669592634504 0.019418207928538322 34
1669592636426 0.01574844866991043 35
1669592638614 0.00855083018541336 36
1669592640786 0.013703746721148491 37
1669592643259 0.013567991554737091 38
1669592645429 0.011576352640986443 39
1669592647573 0.009229185059666634 40
