1669592556066 0.0022074521984905005 0
1669592558753 -0.00159719109069556 1
1669592561165 0.0009232115698978305 2
1669592563490 -0.0012913377722725272 3
1669592565896 -0.0076033445075154305 4
1669592567988 0.0026325881481170654 5
1669592570291 -0.00459799962118268 6
1669592572423 0.0022723712027072906 7
1669592574622 0.0006691632443107665 8
1669592577309 0.0013584790285676718 9
1669592579413 0.0014148137997835875 10
1669592581749 -0.0027663421351462603 11
1669592584024 0.0029408924747258425 12
1669592586559 0.00401498656719923 13
1669592589291 0.0012530183885246515 14
1669592591845 0.0014779155608266592 15
1669592594234 -0.0004795519926119596 16
1669592596543 0.0004405792278703302 17
1669592598702 0.0019999758806079626 18
1669592601604 9.232244337908924e-05 19
1669592603881 0.00028078589821234345 20
1669592606367 0.003846242791041732 21
1669592609002 -0.0008907982846722007 22
1669592611015 0.001019216957502067 23
1669592613204 0.0033548003993928432 24
1669592615453 0.0002981086145155132 25
1669592617779 -0.0023121563717722893 26
1669592619957 -0.0008222511387430131 27
1669592622064 0.0009340459946542978 28
1669592624066 0.006792399566620588 29
1669592626300 0.00020081401453353465 30
1669592628265 0.001757815363816917 31
1669592630436 -0.0031649230513721704 32
1669592632672 -0.0009285123669542372 33
1669592634654 -0.0006991185946390033 34
1669592636742 0.0003766704467125237 35
1669592638919 0.006594502832740545 36
1669592640942 0.0031348331831395626 37
1669592643581 0.0019317602273076773 38
1669592645581 0.003724428592249751 39
1669592647732 0.0005517847603186965 40
