1669592556067 0.015444625169038773 0
1669592558754 0.007763627916574478 1
1669592561166 0.029086189344525337 2
1669592563491 0.01952669583261013 3
1669592565897 0.013478347100317478 4
1669592567989 0.014877374283969402 5
1669592570292 0.023217329755425453 6
1669592572424 0.01588248275220394 7
1669592574623 0.027517981827259064 8
1669592577309 0.018207523971796036 9
1669592579414 0.014477954246103764 10
1669592581750 0.0111070666462183 11
1669592584025 0.015631848946213722 12
1669592586561 0.019557101652026176 13
1669592589292 0.02593422122299671 14
1669592591845 0.019047105684876442 15
1669592594235 0.022418640553951263 16
1669592596544 0.01678076572716236 17
1669592598703 0.024871017783880234 18
1669592601605 0.016733858734369278 19
1669592603882 0.026768608018755913 20
1669592606367 0.021018102765083313 21
1669592609003 0.010326040908694267 22
1669592611016 0.022214096039533615 23
1669592613205 0.026054954156279564 24
1669592615454 0.023727871477603912 25
1669592617779 0.015105532482266426 26
1669592619957 0.014908570796251297 27
1669592622064 0.015745453536510468 28
1669592624067 0.014775353483855724 29
1669592626301 0.01696929521858692 30
1669592628266 0.014164342544972897 31
1669592630436 0.020281493663787842 32
1669592632672 0.02081895060837269 33
1669592634655 0.01790442317724228 34
1669592636742 0.024039344862103462 35
1669592638919 0.024941613897681236 36
1669592640942 0.02519010752439499 37
1669592643582 0.013866232708096504 38
1669592645582 0.015450426377356052 39
1669592647733 0.02018290013074875 40
