1669587572140 0.013713396154344082 0
1669587574750 0.011884735897183418 1
1669587577358 0.008115431293845177 2
1669587580187 0.005520700942724943 3
1669587582524 0.006695704068988562 4
1669587585035 0.011879771947860718 5
1669587587180 0.004965272732079029 6
1669587589403 0.004033974837511778 7
1669587591918 0.00970151275396347 8
1669587594349 0.007301119156181812 9
1669587597088 0.00872704479843378 10
1669587599525 0.006411001086235046 11
1669587601637 0.004707198590040207 12
1669587603970 0.004308424424380064 13
1669587606451 0.006793847307562828 14
1669587608834 0.008072221651673317 15
1669587610916 0.0068130879662930965 16
1669587613172 0.003914342727512121 17
1669587615407 0.0067747957073152065 18
1669587617719 0.0038277495186775923 19
1669587619886 0.005483310669660568 20
1669587621962 0.004562491551041603 21
1669587624238 0.002440577605739236 22
1669587626442 0.007823479361832142 23
1669587628597 0.00661673815920949 24
1669587631237 0.00782822910696268 25
1669587633884 0.016620628535747528 26
1669587636141 0.014288878999650478 27
1669587638330 0.009958176873624325 28
1669587640580 0.006830308586359024 29
1669587643072 0.009583575651049614 30
1669587645733 0.007101216819137335 31
1669587648187 0.00452774902805686 32
1669587650835 0.007509260904043913 33
1669587653368 0.011422241106629372 34
1669587655640 0.012463385239243507 35
1669587658066 0.015604385174810886 36
1669587660275 0.017672721296548843 37
1669587662579 0.00789709109812975 38
1669587664860 0.004884168040007353 39
1669587667740 0.006981227081269026 40
1669587670360 0.010158814489841461 41
1669587672845 0.009129812009632587 42
1669587675532 0.006463320460170507 43
1669587677879 0.009919394738972187 44
1669587680036 0.012847640551626682 45
1669587682403 0.00869233813136816 46
1669587685001 0.007043149787932634 47
1669587687861 0.0043253591284155846 48
1669587690107 0.0062698437832295895 49
1669587692971 0.006362683139741421 50
1669587695133 0.01664845086634159 51
1669587697569 0.055131688714027405 52
1669587699749 0.028011461719870567 53
1669587702092 0.014686898328363895 54
1669587704339 0.016802771016955376 55
1669587706828 0.012948373332619667 56
1669587709096 0.0072222547605633736 57
1669587711430 0.013004770502448082 58
1669587713927 0.013197376392781734 59
1669587716535 0.013793082907795906 60
1669587718988 0.009148523211479187 61
1669587721184 0.00653177360072732 62
1669587723558 0.010679451748728752 63
