1669587572308 -0.0016667892514175072 0
1669587574922 0.0036907782539683347 1
1669587577626 0.0011559750509854648 2
1669587580340 0.0002639981070720008 3
1669587582670 0.0012994895015267017 4
1669587585188 -1.18085017723547e-05 5
1669587587330 0.001656510696730086 6
1669587589702 0.0003326663531616211 7
1669587592077 -0.0006074667013519571 8
1669587594505 -0.000306570013484097 9
1669587597239 0.0014879319520525237 10
1669587599677 0.00118253887039958 11
1669587601912 9.05972825966071e-05 12
1669587604119 0.0022294754593744945 13
1669587606727 -0.0005563027420381377 14
1669587608984 -5.167952028491659e-05 15
1669587611186 0.0005342708022003813 16
1669587613321 0.00164027348257732 17
1669587615553 0.00036948301004627543 18
1669587617869 -0.00027940093989467 19
1669587620034 0.0010371629485005389 20
1669587622236 0.0009632818479937313 21
1669587624389 0.0009485697353284396 22
1669587626588 0.0008498250836664851 23
1669587628747 0.001571682080003425 24
1669587631384 0.0007481534453239052 25
1669587634030 -0.0004844360463506327 26
1669587636292 -0.0020486978754722957 27
1669587638477 0.0008469273783546803 28
1669587640847 0.0014410013617905193 29
1669587643231 -0.000499400675269938 30
1669587646023 0.0024547767662632474 31
1669587648345 0.0004478175496781993 32
1669587651125 0.0010905879531741183 33
1669587653525 -0.002730593081506512 34
1669587655928 -0.0003625278377947886 35
1669587658226 -0.0034222148745394246 36
1669587660564 0.0016865445721455385 37
1669587662738 0.0026920928811835524 38
1669587665152 0.0009130362059656165 39
1669587667899 0.0013423608932361555 40
1669587670659 -0.0011194871764951214 41
1669587673006 0.0008970935266668561 42
1669587675820 0.0018905019903272164 43
1669587678043 -0.0009183092158657018 44
1669587680332 0.0008311334192196849 45
1669587682561 -0.0006075465381975692 46
1669587685300 0.001997420925701469 47
1669587688022 0.0008957117676205706 48
1669587690402 0.0016183654711291403 49
1669587693131 0.0009097391089846975 50
1669587695421 -0.004904456096305086 51
1669587697732 -0.006201621667983499 52
1669587700044 0.006472255730727139 53
1669587702248 0.0021751300984750484 54
1669587704633 0.0022334053591457764 55
1669587706986 0.002388918323476573 56
1669587709388 0.0015757445919919884 57
1669587711694 -9.962689227218749e-05 58
1669587714087 0.0017843788974859893 59
1669587716831 0.0009184908502087449 60
1669587719147 0.0018089690663001799 61
1669587721482 0.0017063521677083686 62
1669587723714 -0.001018123368224696 63
