1669587572307 0.006188667379319668 0
1669587574921 0.00723280617967248 1
1669587577626 0.005256182514131069 2
1669587580340 0.005187324248254299 3
1669587582670 0.0035789404064416885 4
1669587585188 0.003969303332269192 5
1669587587330 0.005074072629213333 6
1669587589702 0.003187268739566207 7
1669587592075 0.007220469415187836 8
1669587594504 0.007039865478873253 9
1669587597239 0.0060084811411798 10
1669587599676 0.004064289852976799 11
1669587601912 0.005995090585201979 12
1669587604119 0.0050011263228952885 13
1669587606726 0.0063887122087180614 14
1669587608984 0.00872140470892191 15
1669587611186 0.006207505706697702 16
1669587613321 0.004545984789729118 17
1669587615552 0.007580024655908346 18
1669587617869 0.00579189183190465 19
1669587620033 0.005332738161087036 20
1669587622235 0.00655535701662302 21
1669587624389 0.005086421500891447 22
1669587626588 0.008047666400671005 23
1669587628747 0.007719275541603565 24
1669587631384 0.0066429548896849155 25
1669587634029 0.0036260713823139668 26
1669587636292 0.0061936210840940475 27
1669587638477 0.00452112453058362 28
1669587640847 0.005797964055091143 29
1669587643230 0.008969111368060112 30
1669587646023 0.007589604239910841 31
1669587648344 0.007347920909523964 32
1669587651125 0.0055033485405147076 33
1669587653524 0.005232524126768112 34
1669587655928 0.005640415474772453 35
1669587658225 0.006936646066606045 36
1669587660564 0.00405623996630311 37
1669587662737 0.005329278763383627 38
1669587665152 0.005381136201322079 39
1669587667899 0.006166820414364338 40
1669587670658 0.006690324749797583 41
1669587673005 0.005190442781895399 42
1669587675820 0.005497165024280548 43
1669587678042 0.006513494532555342 44
1669587680332 0.005892451852560043 45
1669587682560 0.006536558736115694 46
1669587685300 0.006681816186755896 47
1669587688022 0.005880117416381836 48
1669587690402 0.0063919792883098125 49
1669587693130 0.005752480123192072 50
1669587695421 0.004257670138031244 51
1669587697731 0.006555870641022921 52
1669587700043 0.00488080270588398 53
1669587702248 0.005778888706117868 54
1669587704633 0.004627925809472799 55
1669587706985 0.0063321711495518684 56
1669587709388 0.006601070519536734 57
1669587711693 0.005613280460238457 58
1669587714086 0.005702051799744368 59
1669587716831 0.0063067651353776455 60
1669587719146 0.006188209168612957 61
1669587721481 0.005176003091037273 62
1669587723714 0.005847766995429993 63
