1669587572307 0.0008988431072793901 0
1669587574920 0.000647638225927949 1
1669587577625 0.0019053560681641102 2
1669587580339 -0.00017862545792013407 3
1669587582669 0.0009696534252725542 4
1669587585187 0.0006693890318274498 5
1669587587329 0.002365921624004841 6
1669587589701 0.0009128343663178384 7
1669587592075 0.003192462958395481 8
1669587594504 0.0004810619284398854 9
1669587597238 0.005306549370288849 10
1669587599675 -0.0024451646022498608 11
1669587601911 -1.941874870681204e-05 12
1669587604118 0.0014526989543810487 13
1669587606726 0.003284141654148698 14
1669587608983 0.0009919460862874985 15
1669587611185 0.0037804062012583017 16
1669587613320 -0.00015054669347591698 17
1669587615552 0.003001288278028369 18
1669587617868 -0.0006606487440876663 19
1669587620032 0.0016571428859606385 20
1669587622235 0.0006320594693534076 21
1669587624388 0.0008916002116166055 22
1669587626587 -0.0026221764273941517 23
1669587628746 0.0015214871382340789 24
1669587631383 -0.0006068241782486439 25
1669587634029 0.0006031632074154913 26
1669587636291 0.0010487259132787585 27
1669587638476 0.0029634495731443167 28
1669587640846 0.00306069222278893 29
1669587643230 0.0013230203185230494 30
1669587646022 -5.575127579504624e-05 31
1669587648344 0.0004287865594960749 32
1669587651124 0.004756767302751541 33
1669587653524 -0.0004558970977086574 34
1669587655927 -0.0004103161336388439 35
1669587658225 0.004232507199048996 36
1669587660563 0.0011929265456274152 37
1669587662737 0.00026365811936557293 38
1669587665151 0.0010377095313742757 39
1669587667898 0.0008860676898621023 40
1669587670658 7.586014544358477e-05 41
1669587673005 0.002429806627333164 42
1669587675819 5.3490668506128713e-05 43
1669587678039 0.0010719066485762596 44
1669587680331 0.0012542404001578689 45
1669587682560 0.003662225790321827 46
1669587685299 -0.00015411437198054045 47
1669587688021 0.0009099890594370663 48
1669587690401 -0.0015889432979747653 49
1669587693130 0.0005485335132107139 50
1669587695420 0.002515351865440607 51
1669587697727 0.00011916855874005705 52
1669587700043 -0.00038240652065724134 53
1669587702247 0.0006247348501347005 54
1669587704632 0.0013056285679340363 55
1669587706985 -0.001114420359954238 56
1669587709387 0.0013917654287070036 57
1669587711692 0.0015790376346558332 58
1669587714085 -0.0017768407706171274 59
1669587716830 -0.00022862572222948074 60
1669587719145 0.0013467069948092103 61
1669587721481 0.0004206608864478767 62
1669587723713 0.0007861207122914493 63
