1669587572308 0.014217121506366 0
1669587574922 0.01074535064115847 1
1669587577627 0.006672015373326204 2
1669587580341 0.005392335680288916 3
1669587582671 0.006306134577223957 4
1669587585189 0.012084279300905163 5
1669587587330 0.004621118065903992 6
1669587589703 0.003526889858180201 7
1669587592077 0.008673078840076343 8
1669587594505 0.0049286171702421526 9
1669587597240 0.006226567875192452 10
1669587599677 0.004958789908093188 11
1669587601913 0.00362829428638805 12
1669587604120 0.0036449349883655303 13
1669587606727 0.005201650678228394 14
1669587608985 0.0034969587629253116 15
1669587611187 0.005375824823878826 16
1669587613322 0.002945930114979817 17
1669587615553 0.005239002015450354 18
1669587617870 0.0035920165048497618 19
1669587620034 0.005798383814772478 20
1669587622236 0.0024182167833965264 21
1669587624390 0.0028531504205180345 22
1669587626589 0.00412292111297878 23
1669587628747 0.0032178476476549195 24
1669587631384 0.007421008634405145 25
1669587634030 0.016290975657572464 26
1669587636293 0.013179871671994844 27
1669587638477 0.00914410092575921 28
1669587640848 0.006408657999514001 29
1669587643231 0.005447819199013713 30
1669587646023 0.004591933289916531 31
1669587648346 0.004511044515650229 32
1669587651126 0.0040840461093388574 33
1669587653525 0.010681088501202066 34
1669587655929 0.012848841533908972 35
1669587658226 0.01366808647929182 36
1669587660565 0.018099833824789923 37
1669587662738 0.0073295736707416365 38
1669587665153 0.004964854071706538 39
1669587667899 0.006416262966472082 40
1669587670659 0.00784316562613484 41
1669587673006 0.008505768461555067 42
1669587675821 0.005131955106482127 43
1669587678043 0.009736554489008736 44
1669587680333 0.01236707940333107 45
1669587682561 0.007107960173072115 46
1669587685301 0.006065420674716314 47
1669587688023 0.0036602904093838724 48
1669587690403 0.0041100860322495925 49
1669587693131 0.006457935907539174 50
1669587695422 0.015171402978511002 51
1669587697732 0.053791591796909746 52
1669587700044 0.025745139397017888 53
1669587702249 0.014769591652277468 54
1669587704634 0.01634550314759951 55
1669587706986 0.011445996042401147 56
1669587709389 0.006572676589092401 57
1669587711694 0.013171402477478543 58
1669587714087 0.012253899522265127 59
1669587716832 0.013425095590842446 60
1669587719147 0.007509358401565523 61
1669587721482 0.006900576890333868 62
1669587723715 0.00955368544106246 63
