1669594159678 0.014217121506366 0
1669594162170 0.01074535064115847 1
1669594165010 0.006672015373326204 2
1669594168118 0.005392335680288916 3
1669594170481 0.006306134577223957 4
1669594173065 0.012084279300905163 5
1669594175360 0.004621118065903992 6
1669594177712 0.003526889858180201 7
1669594180127 0.008673078840076343 8
1669594182553 0.0049286171702421526 9
1669594185612 0.006226567875192452 10
1669594188071 0.004958789908093188 11
1669594190590 0.00362829428638805 12
1669594192956 0.0036449349883655303 13
1669594195718 0.005201650678228394 14
1669594198102 0.0034969587629253116 15
1669594200442 0.005375824823878826 16
1669594202723 0.002945930114979817 17
1669594205015 0.005239002015450354 18
1669594207515 0.0035920165048497618 19
1669594209915 0.005798383814772478 20
1669594212217 0.0024182167833965264 21
1669594214721 0.0028531504205180345 22
1669594217025 0.00412292111297878 23
1669594219740 0.0032178476476549195 24
1669594222521 0.007421008634405145 25
1669594225358 0.016290975657572464 26
1669594227764 0.013179871671994844 27
1669594230117 0.00914410092575921 28
1669594232507 0.006408657999514001 29
1669594234784 0.005447819199013713 30
1669594237543 0.004591933289916531 31
1669594240004 0.004511044515650229 32
1669594242883 0.0040840461093388574 33
1669594245373 0.010681088501202066 34
1669594247828 0.012848841533908972 35
1669594250076 0.01366808647929182 36
1669594252493 0.018099833824789923 37
1669594254777 0.0073295736707416365 38
1669594257173 0.004964854071706538 39
1669594259913 0.006416262966472082 40
1669594262667 0.00784316562613484 41
1669594265140 0.008505768461555067 42
1669594267957 0.005131955106482127 43
1669594270290 0.009736554489008736 44
1669594272624 0.01236707940333107 45
1669594275114 0.007107960173072115 46
1669594277928 0.006065420674716314 47
1669594280727 0.0036602904093838724 48
1669594283170 0.0041100860322495925 49
1669594285999 0.006457935907539174 50
1669594288279 0.015171402978511002 51
1669594290721 0.053791591796909746 52
1669594293072 0.025745139397017888 53
1669594295366 0.014769591652277468 54
1669594297745 0.01634550314759951 55
1669594300151 0.011445996042401147 56
1669594302501 0.006572676589092401 57
1669594304862 0.013171402477478543 58
1669594307281 0.012253899522265127 59
1669594310095 0.013425095590842446 60
1669594312480 0.007509358401565523 61
1669594314880 0.006900576890333868 62
1669594317177 0.00955368544106246 63
