1669594159521 0.02621812304763564 0
1669594162008 0.017980843249351768 1
1669594164847 0.011547903074526675 2
1669594167960 0.009317611255557634 3
1669594170320 0.011527366207631631 4
1669594172912 0.021747623503891162 5
1669594175077 0.007561791443538176 6
1669594177551 0.005933683093030249 7
1669594179844 0.013573470892916129 8
1669594182400 0.008476980479899896 9
1669594185300 0.01142038021747622 10
1669594187910 0.009396924618095158 11
1669594190294 0.006429101581950154 12
1669594192804 0.006426189479226425 13
1669594195572 0.009471155655772013 14
1669594197948 0.0114169713046934 15
1669594200157 0.008977112490804465 16
1669594202570 0.004536575431054747 17
1669594204733 0.008927139271608008 18
1669594207363 0.004035432296517695 19
1669594209632 0.009830832390258712 20
1669594212060 0.005713532180347688 21
1669594214429 0.002708113252831958 22
1669594216874 0.009708367621167384 23
1669594219457 0.008028292190252292 24
1669594222368 0.012538602925992785 25
1669594225064 0.030572857832104252 26
1669594227613 0.02468629373567948 27
1669594229833 0.01720345694961962 28
1669594232360 0.011749855117760683 29
1669594234635 0.011404107744301567 30
1669594237391 0.007405058038258384 31
1669594239849 0.005564382755652295 32
1669594242727 0.008299337186294305 33
1669594245223 0.019539786095720737 34
1669594247675 0.023499770276212573 35
1669594249925 0.02455383662858417 36
1669594252342 0.033747784247206966 37
1669594254621 0.011372827045876766 38
1669594256884 0.007101800815711051 39
1669594259761 0.011670898703562195 40
1669594262384 0.014259536672635213 41
1669594264989 0.014392058738605789 42
1669594267667 0.009092499808922877 43
1669594270134 0.017510939932822735 44
1669594272473 0.02311722647635721 45
1669594274963 0.012463011381364218 46
1669594277773 0.009737354609203776 47
1669594280570 0.004910076504766247 48
1669594283019 0.006678097072773874 49
1669594285843 0.011034194976819626 50
1669594288129 0.030044898015861004 51
1669594290564 0.1046041346552683 52
1669594292917 0.05049841002576582 53
1669594295207 0.026392588993711254 54
1669594297590 0.031029969810349257 55
1669594299993 0.02137568471523288 56
1669594302351 0.01064598998195123 57
1669594304713 0.023984786317579408 58
1669594307124 0.02294496882626477 59
1669594309944 0.024771424731250043 60
1669594312323 0.01216090635299905 61
1669594314728 0.011524376913065994 62
1669594317022 0.01755049872172927 63
