1669594159677 -0.0016667892514175072 0
1669594162170 0.0036907782539683347 1
1669594165009 0.0011559750509854648 2
1669594168118 0.0002639981070720008 3
1669594170480 0.0012994895015267017 4
1669594173065 -1.18085017723547e-05 5
1669594175359 0.001656510696730086 6
1669594177711 0.0003326663531616211 7
1669594180127 -0.0006074667013519571 8
1669594182552 -0.000306570013484097 9
1669594185611 0.0014879319520525237 10
1669594188071 0.00118253887039958 11
1669594190590 9.05972825966071e-05 12
1669594192956 0.0022294754593744945 13
1669594195718 -0.0005563027420381377 14
1669594198101 -5.167952028491659e-05 15
1669594200442 0.0005342708022003813 16
1669594202723 0.00164027348257732 17
1669594205015 0.00036948301004627543 18
1669594207515 -0.00027940093989467 19
1669594209914 0.0010371629485005389 20
1669594212216 0.0009632818479937313 21
1669594214721 0.0009485697353284396 22
1669594217025 0.0008498250836664851 23
1669594219740 0.001571682080003425 24
1669594222520 0.0007481534453239052 25
1669594225358 -0.0004844360463506327 26
1669594227764 -0.0020486978754722957 27
1669594230117 0.0008469273783546803 28
1669594232506 0.0014410013617905193 29
1669594234783 -0.000499400675269938 30
1669594237542 0.0024547767662632474 31
1669594240004 0.0004478175496781993 32
1669594242883 0.0010905879531741183 33
1669594245373 -0.002730593081506512 34
1669594247827 -0.0003625278377947886 35
1669594250076 -0.0034222148745394246 36
1669594252492 0.0016865445721455385 37
1669594254776 0.0026920928811835524 38
1669594257172 0.0009130362059656165 39
1669594259912 0.0013423608932361555 40
1669594262667 -0.0011194871764951214 41
1669594265140 0.0008970935266668561 42
1669594267956 0.0018905019903272164 43
1669594270289 -0.0009183092158657018 44
1669594272624 0.0008311334192196849 45
1669594275114 -0.0006075465381975692 46
1669594277927 0.001997420925701469 47
1669594280727 0.0008957117676205706 48
1669594283170 0.0016183654711291403 49
1669594285998 0.0009097391089846975 50
1669594288279 -0.004904456096305086 51
1669594290721 -0.006201621667983499 52
1669594293071 0.006472255730727139 53
1669594295366 0.0021751300984750484 54
1669594297744 0.0022334053591457764 55
1669594300151 0.002388918323476573 56
1669594302501 0.0015757445919919884 57
1669594304861 -9.962689227218749e-05 58
1669594307281 0.0017843788974859893 59
1669594310094 0.0009184908502087449 60
1669594312479 0.0018089690663001799 61
1669594314880 0.0017063521677083686 62
1669594317176 -0.001018123368224696 63
