1669594159677 0.006188667379319668 0
1669594162168 0.00723280617967248 1
1669594165009 0.005256182514131069 2
1669594168117 0.005187324248254299 3
1669594170480 0.0035789404064416885 4
1669594173064 0.003969303332269192 5
1669594175359 0.005074072629213333 6
1669594177711 0.003187268739566207 7
1669594180126 0.007220469415187836 8
1669594182552 0.007039865478873253 9
1669594185611 0.0060084811411798 10
1669594188071 0.004064289852976799 11
1669594190590 0.005995090585201979 12
1669594192955 0.0050011263228952885 13
1669594195717 0.0063887122087180614 14
1669594198101 0.00872140470892191 15
1669594200441 0.006207505706697702 16
1669594202722 0.004545984789729118 17
1669594205014 0.007580024655908346 18
1669594207514 0.00579189183190465 19
1669594209914 0.005332738161087036 20
1669594212216 0.00655535701662302 21
1669594214720 0.005086421500891447 22
1669594217024 0.008047666400671005 23
1669594219739 0.007719275541603565 24
1669594222520 0.0066429548896849155 25
1669594225357 0.0036260713823139668 26
1669594227763 0.0061936210840940475 27
1669594230116 0.00452112453058362 28
1669594232506 0.005797964055091143 29
1669594234783 0.008969111368060112 30
1669594237542 0.007589604239910841 31
1669594240003 0.007347920909523964 32
1669594242882 0.0055033485405147076 33
1669594245373 0.005232524126768112 34
1669594247827 0.005640415474772453 35
1669594250075 0.006936646066606045 36
1669594252492 0.00405623996630311 37
1669594254776 0.005329278763383627 38
1669594257172 0.005381136201322079 39
1669594259912 0.006166820414364338 40
1669594262666 0.006690324749797583 41
1669594265139 0.005190442781895399 42
1669594267956 0.005497165024280548 43
1669594270289 0.006513494532555342 44
1669594272623 0.005892451852560043 45
1669594275113 0.006536558736115694 46
1669594277927 0.006681816186755896 47
1669594280727 0.005880117416381836 48
1669594283169 0.0063919792883098125 49
1669594285998 0.005752480123192072 50
1669594288278 0.004257670138031244 51
1669594290721 0.006555870641022921 52
1669594293071 0.00488080270588398 53
1669594295365 0.005778888706117868 54
1669594297744 0.004627925809472799 55
1669594300150 0.0063321711495518684 56
1669594302501 0.006601070519536734 57
1669594304861 0.005613280460238457 58
1669594307280 0.005702051799744368 59
1669594310094 0.0063067651353776455 60
1669594312479 0.006188209168612957 61
1669594314879 0.005176003091037273 62
1669594317176 0.005847766995429993 63
