1669594159676 0.0008988431072793901 0
1669594162168 0.000647638225927949 1
1669594165008 0.0019053560681641102 2
1669594168116 -0.00017862545792013407 3
1669594170479 0.0009696534252725542 4
1669594173063 0.0006693890318274498 5
1669594175358 0.002365921624004841 6
1669594177710 0.0009128343663178384 7
1669594180125 0.003192462958395481 8
1669594182551 0.0004810619284398854 9
1669594185610 0.005306549370288849 10
1669594188070 -0.0024451646022498608 11
1669594190589 -1.941874870681204e-05 12
1669594192954 0.0014526989543810487 13
1669594195716 0.003284141654148698 14
1669594198100 0.0009919460862874985 15
1669594200440 0.0037804062012583017 16
1669594202722 -0.00015054669347591698 17
1669594205014 0.003001288278028369 18
1669594207513 -0.0006606487440876663 19
1669594209913 0.0016571428859606385 20
1669594212215 0.0006320594693534076 21
1669594214720 0.0008916002116166055 22
1669594217024 -0.0026221764273941517 23
1669594219739 0.0015214871382340789 24
1669594222519 -0.0006068241782486439 25
1669594225357 0.0006031632074154913 26
1669594227763 0.0010487259132787585 27
1669594230115 0.0029634495731443167 28
1669594232505 0.00306069222278893 29
1669594234782 0.0013230203185230494 30
1669594237541 -5.575127579504624e-05 31
1669594240003 0.0004287865594960749 32
1669594242881 0.004756767302751541 33
1669594245372 -0.0004558970977086574 34
1669594247826 -0.0004103161336388439 35
1669594250075 0.004232507199048996 36
1669594252491 0.0011929265456274152 37
1669594254775 0.00026365811936557293 38
1669594257171 0.0010377095313742757 39
1669594259911 0.0008860676898621023 40
1669594262666 7.586014544358477e-05 41
1669594265139 0.002429806627333164 42
1669594267955 5.3490668506128713e-05 43
1669594270288 0.0010719066485762596 44
1669594272623 0.0012542404001578689 45
1669594275113 0.003662225790321827 46
1669594277926 -0.00015411437198054045 47
1669594280726 0.0009099890594370663 48
1669594283168 -0.0015889432979747653 49
1669594285997 0.0005485335132107139 50
1669594288278 0.002515351865440607 51
1669594290720 0.00011916855874005705 52
1669594293070 -0.00038240652065724134 53
1669594295364 0.0006247348501347005 54
1669594297743 0.0013056285679340363 55
1669594300149 -0.001114420359954238 56
1669594302500 0.0013917654287070036 57
1669594304860 0.0015790376346558332 58
1669594307279 -0.0017768407706171274 59
1669594310093 -0.00022862572222948074 60
1669594312478 0.0013467069948092103 61
1669594314879 0.0004206608864478767 62
1669594317175 0.0007861207122914493 63
