1669593692604 0.009756756946444511 0
1669593695005 0.007587682455778122 1
1669593697355 0.0074157449416816235 2
1669593699877 0.013635101728141308 3
1669593702293 0.010794269852340221 4
1669593704303 0.01112617738544941 5
1669593706957 0.0044101509265601635 6
1669593709527 0.0054276990704238415 7
1669593711589 0.007213130127638578 8
1669593714242 0.008088392205536366 9
1669593716397 0.007210212294012308 10
1669593718530 0.010647419840097427 11
1669593720777 0.0062147811986505985 12
1669593723178 0.006630380172282457 13
1669593725421 0.0067098368890583515 14
1669593727736 0.006704278755933046 15
1669593729776 0.011522709392011166 16
1669593732057 0.012097304686903954 17
1669593734463 0.0068245516158640385 18
1669593736683 0.005750013515353203 19
1669593739100 0.008050529286265373 20
1669593741797 0.01013629324734211 21
1669593744105 0.014882570132613182 22
1669593746760 0.016428664326667786 23
1669593748980 0.01062598917633295 24
1669593751301 0.007631382439285517 25
1669593753514 0.008176869712769985 26
1669593756038 0.005217837635427713 27
1669593758744 0.012664019130170345 28
1669593760980 0.0068771010264754295 29
1669593763790 0.004571238998323679 30
1669593766495 0.006891101598739624 31
1669593769016 0.03810921683907509 32
1669593771347 0.039547763764858246 33
1669593773490 0.020693402737379074 34
1669593775748 0.021655352786183357 35
1669593778459 0.007574061397463083 36
1669593780936 0.01367719005793333 37
1669593783573 0.011835694313049316 38
1669593785840 0.006926815025508404 39
1669593788667 0.00918723363429308 40
