1669593692981 0.01979959011077881 0
1669593695163 0.017573820427060127 1
1669593697514 0.02057011052966118 2
1669593700240 0.015159932896494865 3
1669593702455 0.017944123595952988 4
1669593704633 0.024918513372540474 5
1669593707117 0.025986675173044205 6
1669593709685 0.013608976267278194 7
1669593711921 0.021898159757256508 8
1669593714394 0.02090618945658207 9
1669593716551 0.015436429530382156 10
1669593718839 0.02375175431370735 11
1669593720933 0.019447432830929756 12
1669593723532 0.01614299975335598 13
1669593725729 0.016809379681944847 14
1669593727889 0.020158376544713974 15
1669593730111 0.02155880816280842 16
1669593732214 0.019167926162481308 17
1669593734626 0.020521478727459908 18
1669593737044 0.020543977618217468 19
1669593739272 0.01900220662355423 20
1669593741956 0.021471066400408745 21
1669593744455 0.018378479406237602 22
1669593746918 0.01659727282822132 23
1669593749319 0.017927352339029312 24
1669593751473 0.017696717754006386 25
1669593753674 0.017617637291550636 26
1669593756390 0.009850924834609032 27
1669593758900 0.016985200345516205 28
1669593761336 0.016883760690689087 29
1669593763948 0.02049904502928257 30
1669593766652 0.02309267781674862 31
1669593769366 0.018998662009835243 32
1669593771518 0.014206123538315296 33
1669593773834 0.01807039976119995 34
1669593776060 0.02844632789492607 35
1669593778611 0.018278906121850014 36
1669593781298 0.021474666893482208 37
1669593783731 0.019547132775187492 38
1669593786000 0.016188163310289383 39
1669593789015 0.020075879991054535 40
