1669593692982 0.009133894884249868 0
1669593695164 0.00520268534826267 1
1669593697515 0.006889731761792685 2
1669593700242 0.011578771500414876 3
1669593702456 0.006020607681653295 4
1669593704634 0.005841024275803602 5
1669593707118 0.004089221020167348 6
1669593709686 0.004227289904223779 7
1669593711922 0.003559334212854397 8
1669593714395 0.0056058991006559 9
1669593716551 0.004867307905744566 10
1669593718840 0.0047330945433838945 11
1669593720934 0.0058999054109409275 12
1669593723534 0.002943483376675036 13
1669593725730 0.004126781131236176 14
1669593727889 0.005426384340717906 15
1669593730112 0.01056647311587914 16
1669593732215 0.011581939651736619 17
1669593734627 0.005826837384498049 18
1669593737046 0.0049471304427141085 19
1669593739273 0.005190674925105382 20
1669593741957 0.011000244991721014 21
1669593744456 0.013376453907413856 22
1669593746919 0.01666197732503427 23
1669593749320 0.0059401378608771255 24
1669593751474 0.0062418151798286255 25
1669593753675 0.008014624473503125 26
1669593756391 0.004672897593567142 27
1669593758901 0.01192965563329347 28
1669593761337 0.005501535624281991 29
1669593763949 0.003186383516293602 30
1669593766653 0.003906386708443223 31
1669593769367 0.03525255575128093 32
1669593771519 0.03736450180993039 33
1669593773835 0.018792221162989294 34
1669593776062 0.011600033171760732 35
1669593778612 0.006112038222930353 36
1669593781299 0.011414499498126299 37
1669593783732 0.011396611032976707 38
1669593786001 0.005549500594738078 39
1669593789016 0.006105798475928559 40
