1669593692980 0.005307213868945837 0
1669593695162 -0.0023089966271072626 1
1669593697514 0.0010623623384162784 2
1669593700239 0.003569228807464242 3
1669593702455 0.0009134431020356715 4
1669593704632 -0.006116591393947601 5
1669593707116 0.0010085513349622488 6
1669593709684 -0.0003754311183001846 7
1669593711919 0.0007663274882361293 8
1669593714393 0.0008050969336181879 9
1669593716550 -0.0028518710751086473 10
1669593718838 -0.006068152375519276 11
1669593720932 8.825346594676375e-05 12
1669593723531 0.0040787034668028355 13
1669593725729 -0.002205795841291547 14
1669593727888 0.0002584263274911791 15
1669593730110 0.0007855028961785138 16
1669593732214 0.002910590497776866 17
1669593734625 0.002364052226766944 18
1669593737044 0.001420245273038745 19
1669593739272 -0.0005030427128076553 20
1669593741955 -0.0016239187680184841 21
1669593744454 0.002015792764723301 22
1669593746918 0.0010838796151801944 23
1669593749319 -0.0015884274616837502 24
1669593751472 -0.0013934499584138393 25
1669593753673 0.0022285613231360912 26
1669593756390 0.002776114270091057 27
1669593758900 -0.0005112331127747893 28
1669593761335 -0.0014245008351281285 29
1669593763947 0.0012518434086814523 30
1669593766651 0.0019022703636437654 31
1669593769365 0.00177252315916121 32
1669593771517 -0.0030497186817228794 33
1669593773833 0.00302157667465508 34
1669593776060 -0.0007103399839252234 35
1669593778610 0.0048116156831383705 36
1669593781297 0.004412166308611631 37
1669593783731 -0.0007944870740175247 38
1669593785999 0.0013234654907137156 39
1669593789014 0.0007320594158954918 40
