1669593692981 0.003402815614105151 0
1669593695164 0.000815265970045342 1
1669593697515 -0.00012566201798065827 2
1669593700241 0.0005605774135153979 3
1669593702456 0.00010809500068981282 4
1669593704634 0.0004297031885882794 5
1669593707117 0.0009324318058251572 6
1669593709685 -0.00029029182474269875 7
1669593711921 0.00265133301851731 8
1669593714395 -2.357853095485778e-06 9
1669593716551 0.00040668199278181427 10
1669593718840 0.0005810583502836839 11
1669593720933 -0.00035796374071310244 12
1669593723533 0.0004102435567993826 13
1669593725730 0.0013060198363577062 14
1669593727889 0.0015219780801692543 15
1669593730111 0.0013087765852673155 16
1669593732215 0.0007182985731385882 17
1669593734626 0.0008596021284925863 18
1669593737045 -0.0005362592817140775 19
1669593739273 0.0009917992245263845 20
1669593741956 -0.0019355646318087887 21
1669593744455 -0.0028733482251820336 22
1669593746919 -0.0023403477650303273 23
1669593749320 0.0040676634493550905 24
1669593751473 0.0009199804020465066 25
1669593753674 -0.0013438164661129831 26
1669593756391 0.001284012291638023 27
1669593758901 3.419519043790717e-05 28
1669593761336 0.0014088060038062755 29
1669593763948 0.0019174117181518257 30
1669593766653 0.0007069794301747938 31
1669593769366 -0.010621758085983073 32
1669593771518 0.005692599233126797 33
1669593773834 0.0001789463276710761 34
1669593776061 0.0009609054829672935 35
1669593778611 0.002261337862408666 36
1669593781298 -0.00018043766535577634 37
1669593783732 -0.002100665100706067 38
1669593786001 0.00025538840129072857 39
1669593789016 0.0027032069695125107 40
