1669572438064 0.006756999995559454 0
1669572441061 0.007583000231534243 1
1669572443640 0.010173000395298004 2
1669572446217 0.005869999993592501 3
1669572448971 0.0051299999468028545 4
1669572451676 0.006227999925613403 5
1669572453910 0.003143999958410859 6
1669572456829 0.003976000007241964 7
1669572459048 0.0061969999223947525 8
1669572461304 0.006128000095486641 9
1669572463819 0.007563000079244375 10
1669572466024 0.0071840002201497555 11
1669572468599 0.005412000231444836 12
1669572471413 0.007158000022172928 13
1669572473617 0.009084999561309814 14
1669572476373 0.006808000151067972 15
1669573248582 0.0061889998614788055 0
1669573251386 0.007232999894768 1
1669573253995 0.0052559999749064445 2
1669573256667 0.005187000147998333 3
1669573259306 0.003579000011086464 4
1669573261787 0.003969000186771154 5
1669573263903 0.005073999986052513 6
1669573266505 0.0031870000530034304 7
1669573358802 0.0061889998614788055 0
1669573361153 0.007232999894768 1
1669573363898 0.0052559999749064445 2
1669573367360 0.005187000147998333 3
1669573369662 0.003579000011086464 4
1669573372299 0.003969000186771154 5
1669573374915 0.005073999986052513 6
1669573377231 0.0031870000530034304 7
1669573379628 0.0072200000286102295 8
1669573382193 0.007040000054985285 9
1669573384901 0.006008000113070011 10
1669573387175 0.004064000211656094 11
1669573389664 0.005994999781250954 12
1669573391852 0.005001000128686428 13
1669573394458 0.006388999987393618 14
1669573397080 0.008720999583601952 15
1669573399235 0.006207999773323536 16
1669573401640 0.0045460001565515995 17
1669573464274 0.008238356560468674 0
1669573467657 0.002786763710901141 1
1669573469976 0.006856705993413925 2
1669573472816 0.007214085198938847 3
1669573475957 0.006884247995913029 4
1669573478281 0.0056719230487942696 5
1669573480762 0.010003047995269299 6
1669573483826 0.004752012435346842 7
1669573486335 0.00473257340490818 8
1669573489260 0.005827669519931078 9
1669573492145 0.009835653007030487 10
1669573495046 0.0053066653199493885 11
1669573497933 0.004922134336084127 12
1669573500586 0.004515493288636208 13
