1669572438063 0.002814000006765127 0
1669572441060 -0.0017180000431835651 1
1669572443639 -0.001154000055976212 2
1669572446217 0.00046400001156143844 3
1669572448970 0.0019680000841617584 4
1669572451675 0.0017579999985173345 5
1669572453910 7.79999973019585e-05 6
1669572456828 0.0012100000167265534 7
1669572459047 -0.0019290000200271606 8
1669572461302 0.0005569999921135604 9
1669572463818 0.00039500001003034413 10
1669572466023 0.0027439999394118786 11
1669572468598 0.0011139999842271209 12
1669572471412 0.0019359999569132924 13
1669572473616 0.002876000013202429 14
1669572476373 0.002067999914288521 15
1669573248581 0.0008989999769255519 0
1669573251385 0.0006479999865405262 1
1669573253994 0.0019049999536946416 2
1669573256666 -0.00017899999511428177 3
1669573259305 0.0009699999936856329 4
1669573261786 0.0006689999718219042 5
1669573263903 0.002366000087931752 6
1669573266504 0.0009130000253207982 7
1669573358800 0.0008989999769255519 0
1669573361153 0.0006479999865405262 1
1669573363897 0.0019049999536946416 2
1669573367359 -0.00017899999511428177 3
1669573369662 0.0009699999936856329 4
1669573372299 0.0006689999718219042 5
1669573374914 0.002366000087931752 6
1669573377230 0.0009130000253207982 7
1669573379627 0.003192000091075897 8
1669573382192 0.00048099999548867345 9
1669573384901 0.005307000130414963 10
1669573387174 -0.0024449999909847975 11
1669573389664 -1.8999999156221747e-05 12
1669573391851 0.0014530000044032931 13
1669573394458 0.0032840000931173563 14
1669573397080 0.0009919999865815043 15
1669573399234 0.0037799999117851257 16
1669573401639 -0.00015100000018719584 17
1669573464273 0.0012971913674846292 0
1669573467656 0.001965224277228117 1
1669573469975 0.003258418757468462 2
1669573472815 0.000842307461425662 3
1669573475956 -0.0008927416056394577 4
1669573478280 0.00020211291848681867 5
1669573480761 -0.00037185201654210687 6
1669573483826 0.0007531053270213306 7
1669573486335 0.002470470732077956 8
1669573489259 -0.0007881821948103607 9
1669573492144 -0.0006034072721377015 10
1669573495045 0.0010892592836171389 11
1669573497932 -0.0005391935119405389 12
1669573500585 0.001329811871983111 13
