1669572438065 0.2469 0
1669572441061 0.76625 1
1669572443641 0.62415 2
1669572446218 0.45305 3
1669572448972 0.48625 4
1669572451678 0.3993 5
1669572453911 0.7318 6
1669572456830 0.33255 7
1669572459049 0.5962 8
1669572461305 0.4513 9
1669572463820 0.5384 10
1669572466024 0.4202 11
1669572468600 0.4513 12
1669572471414 0.55495 13
1669572473618 0.3832 14
1669572476374 0.3771 15
1669573248583 0.01702782123780877 0
1669573251387 0.021393200311212446 1
1669573253996 0.02537583447626407 2
1669573256668 0.041925456352116475 3
1669573259307 0.030108235896255275 4
1669573261788 0.015208383753561872 5
1669573263905 0.038166736684018654 6
1669573266507 0.04920105820614745 7
