1669573248583 0.014217 0
1669573251387 0.010745 1
1669573253996 0.006672 2
1669573256667 0.005392 3
1669573259307 0.006306 4
1669573261787 0.012084 5
1669573263904 0.004621 6
1669573266506 0.003527 7
1669573358803 0.014217 0
1669573361155 0.010745 1
1669573363899 0.006672 2
1669573367361 0.005392 3
1669573369664 0.006306 4
1669573372300 0.012084 5
1669573374916 0.004621 6
1669573377232 0.003527 7
1669573379629 0.008673 8
1669573382194 0.004929 9
1669573384902 0.006227 10
1669573387176 0.004959 11
1669573389665 0.003628 12
1669573391852 0.003645 13
1669573394459 0.005202 14
1669573397081 0.003497 15
1669573399235 0.005376 16
1669573401641 0.002946 17
1669573464275 0.014217121506365999 0
1669573467657 0.01074535064115847 1
1669573469977 0.006672015373326204 2
1669573472817 0.005392335680288916 3
1669573475957 0.006306134577223956 4
1669573478282 0.012084279300905165 5
1669573480763 0.004621118065903992 6
1669573483828 0.003526889858180201 7
1669573486336 0.00867307884007634 8
1669573489261 0.0049286171702421526 9
1669573492146 0.006226567875192452 10
1669573495047 0.004958789908093188 11
1669573497934 0.00362829428638805 12
1669573500587 0.0036449349883655303 13
