1669572438064 -0.001667 0
1669572441061 0.003691 1
1669572443641 0.001156 2
1669572446218 0.000264 3
1669572448971 0.001299 4
1669572451677 -1.2e-05 5
1669572453911 0.001657 6
1669572456829 0.000333 7
1669572459048 -0.000607 8
1669572461304 -0.000307 9
1669572463819 0.001488 10
1669572466024 0.001183 11
1669572468600 9.1e-05 12
1669572471414 0.002229 13
1669572473617 -0.000556 14
1669572476374 -5.2e-05 15
1669573248582 -0.001667 0
1669573251386 0.003691 1
1669573253995 0.001156 2
1669573256667 0.000264 3
1669573259307 0.001299 4
1669573261787 -1.2e-05 5
1669573263904 0.001657 6
1669573266506 0.000333 7
1669573358802 -0.001667 0
1669573361154 0.003691 1
1669573363898 0.001156 2
1669573367360 0.000264 3
1669573369663 0.001299 4
1669573372300 -1.2e-05 5
1669573374915 0.001657 6
1669573377232 0.000333 7
1669573379628 -0.000607 8
1669573382193 -0.000307 9
1669573384902 0.001488 10
1669573387175 0.001183 11
1669573389665 9.1e-05 12
1669573391852 0.002229 13
1669573394459 -0.000556 14
1669573397081 -5.2e-05 15
1669573399235 0.000534 16
1669573401640 0.00164 17
1669573464275 -0.0016667892514175072 0
1669573467657 0.0036907782539683347 1
1669573469977 0.0011559750509854648 2
1669573472817 0.0002639981070720006 3
1669573475957 0.0012994895015267013 4
1669573478281 -1.1808501772354874e-05 5
1669573480762 0.001656510696730086 6
1669573483828 0.00033266635316162117 7
1669573486336 -0.000607466701351957 8
1669573489260 -0.000306570013484097 9
1669573492145 0.0014879319520525235 10
1669573495047 0.0011825388703995798 11
1669573497933 9.059728259660707e-05 12
1669573500586 0.002229475459374494 13
