1669571331647 0.013717230409383774 0
1669571359196 0.014177522622048855 0
1669571361575 0.01219931710511446 1
1669571364723 0.008781293407082558 2
1669571367599 0.007422315888106823 3
1669571370020 0.008514848537743092 4
1669571373379 0.013637803494930267 5
1669571376037 0.004368460271507502 6
1669571379151 0.004140856675803661 7
1669571382114 0.008418121375143528 8
1669571384908 0.006945399567484856 9
1669571388356 0.008052466437220573 10
1669571391512 0.007296132389456034 11
1669571394810 0.0051448047161102295 12
1669571398221 0.007085694465786219 13
1669571401169 0.005594546440988779 14
1669571404613 0.004435764160007238 15
1669571407339 0.008077180944383144 16
1669571521136 0.0162513367831707 0
1669571523963 0.010997068136930466 1
1669571526409 0.007997618988156319 2
1669571529073 0.00619501480832696 3
1669571531666 0.008501967415213585 4
1669571534001 0.011207026429474354 5
1669571658560 0.014311904087662697 0
1669571660927 0.01162085309624672 1
1669571663092 0.0071802204474806786 2
1669571666032 0.005922703072428703 3
1669571668241 0.008884215727448463 4
1669571670858 0.011272242292761803 5
1669571673322 0.006302369758486748 6
1669571675402 0.003904247423633933 7
1669571677915 0.008607028983533382 8
1669571680366 0.0064643435180187225 9
1669571683020 0.0063968924805521965 10
1669571730403 0.01473610382527113 0
1669571732880 0.012099368497729301 1
1669571786076 0.015164068900048733 0
1669571788821 0.012174151837825775 1
1669571791538 0.010041862726211548 2
1669571793834 0.008287115022540092 3
1669571796168 0.0075171696953475475 4
1669571799178 0.01198309101164341 5
1669571801375 0.005362800322473049 6
1669571804072 0.0038279518485069275 7
1669571806405 0.011263275519013405 8
1669571809559 0.006168777588754892 9
1669571812222 0.007380689959973097 10
1669571814429 0.005018187221139669 11
1669571817115 0.0046867383643984795 12
1669571819432 0.0047364975325763226 13
1669571822177 0.006679650861769915 14
1669571973234 0.014423496089875698 0
1669571975524 0.011701390147209167 1
1669571978301 0.007412976119667292 2
1669571980964 0.005915911868214607 3
1669571983163 0.00763692194595933 4
1669571985841 0.013135015033185482 5
1669571988444 0.006602195091545582 6
1669571991115 0.00500905979424715 7
1669571993293 0.008325668051838875 8
1669571995912 0.005335560534149408 9
1669571998557 0.008014043793082237 10
1669572001333 0.006945098750293255 11
1669572054352 0.014866008423268795 0
1669572056963 0.011760061606764793 1
1669572059230 0.007699461188167334 2
1669572062195 0.006519291549921036 3
1669572064383 0.006867330055683851 4
1669572066627 0.012136257253587246 5
1669572069292 0.008449658751487732 6
1669572071570 0.009012390859425068 7
1669572074230 0.00923735648393631 8
1669572076783 0.00629735691472888 9
1669572079879 0.006232122890651226 10
1669572128049 0.014359593391418457 0
1669572179420 0.014952423050999641 0
1669572182280 0.012427223846316338 1
1669572185057 0.0075164963491261005 2
1669572437910 0.015590655617415905 0
1669572440905 0.011973480693995953 1
1669572443489 0.011117594316601753 2
1669572446063 0.006569964345544577 3
1669572448413 0.006619538180530071 4
1669572451523 0.014285159297287464 5
1669572453749 0.0050848545506596565 6
1669572456343 0.004029427655041218 7
1669572458893 0.010530488565564156 8
1669572461152 0.006773436442017555 9
1669572463354 0.006303370930254459 10
1669572465876 0.006418866571038961 11
1669572468444 0.004799301736056805 12
1669572470938 0.005704041570425034 13
1669572473453 0.009502654895186424 14
1669572476211 0.004484063945710659 15
1669573248414 0.013713396154344082 0
1669573251230 0.011884735897183418 1
1669573253832 0.008115431293845177 2
1669573256506 0.005520700942724943 3
1669573258757 0.006695704068988562 4
1669573261627 0.011879771947860718 5
1669573263744 0.004965272732079029 6
1669573265962 0.004033974837511778 7
1669573358615 0.013713396154344082 0
1669573360993 0.011884735897183418 1
1669573363711 0.008115431293845177 2
1669573367205 0.005520700942724943 3
1669573369504 0.006695704068988562 4
1669573372134 0.011879771947860718 5
1669573374378 0.004965272732079029 6
1669573377068 0.004033974837511778 7
1669573379466 0.00970151275396347 8
1669573381705 0.007301119156181812 9
1669573384744 0.00872704479843378 10
1669573387014 0.006411001086235046 11
1669573389163 0.004707198590040207 12
1669573391697 0.004308424424380064 13
1669573394301 0.006793847307562828 14
1669573396582 0.008072221651673317 15
1669573399073 0.0068130879662930965 16
1669573401460 0.003914342727512121 17
1669573464101 0.0162513367831707 0
1669573467495 0.010997068136930466 1
1669573469799 0.007997618988156319 2
1669573472656 0.00619501480832696 3
1669573475411 0.008501967415213585 4
1669573478127 0.011207026429474354 5
1669573480604 0.010066787712275982 6
1669573483172 0.004114204086363316 7
1669573486170 0.009857622906565666 8
1669573489098 0.0054332721047103405 9
1669573491572 0.0095681669190526 10
1669573494873 0.005211743526160717 11
1669573497773 0.003559146309271455 12
1669573500068 0.0036689885891973972 13
